0.49617
0.451402
0.614995
0.460917
0.352156
0.564008
0.521594
0.713922
0.727283
0.675921
0.5599
0.331504
0.449615
0.798628
0.766121
0.864427
0.410334
0.542811
0.31909
0.411597
0.42521
0.546351
0.751753
0.893202
0.846151
0.580288
0.446491
0.815676
0.502528
0.498285
0.738508
0.395141
0.597049
0.792467
0.696333
0.921027
0.88569
0.817886
0.618638
0.384645
0.759157
0.374116
0.555293
0.403393
0.515454
0.89822
0.52042
0.919326
0.925995
0.502235
0.584873
0.518466
0.516727
0.418595
0.605981
0.886975
0.5729
0.790403
0.381233
0.430396
0.502929
0.306965
0.437196
0.897505
0.721018
0.603211
0.699857
0.743125
0.935319
0.605939
0.495621
0.701417
0.780593
0.739402
0.59752
0.724203
0.632897
0.772486
0.477297
0.596481
0.543527
0.493545
0.50514
0.624425
0.554524
0.55523
0.543634
0.911836
0.856249
0.757764
0.78662
0.944762
0.610261
0.872924
0.935956
0.652546
0.53911
0.804555
0.70312
0.52674
0.719035
0.643688
0.629879
0.784018
0.68206
0.711821
0.679053
0.424025
0.613002
0.510336
0.608263
0.953484
0.409806
0.782212
0.355934
0.633755
0.545735
0.674882
0.337727
0.675725
0.586713
0.438721
0.65989
0.647865
0.721777
0.480301
0.642793
0.424948
0.494262
0.794683
0.844887
0.79262
0.60219
0.906027
0.564533
0.819429
0.586826
0.809859
0.739145
0.581191
0.949726
0.535814
0.755993
0.638713
0.738884
0.68986
0.56678
0.334386
0.698361
0.30967
0.694648
0.837032
0.746256
0.556832
0.936457
0.870965
0.813898
0.5661
0.782232
0.231776
0.956007
0.883575
0.81955
0.310509
0.681804
0.513853
0.789735
0.904102
0.913341
0.878929
0.864617
0.583938
0.92285
0.587773
0.798636
0.714627
0.268453
0.835505
0.83523
0.673023
0.550424
0.714981
0.69092
