0.208799
0.438251
0.0902761
0.425405
0.929526
0.125942
0.0972971
0.0926911
0.113044
0.224658
0.111359
0.336919
0.238169
0.740745
0.530861
0.158563
0.529951
0.322041
0.832397
0.332154
0.395737
0.368438
0.78874
0.616957
0.525616
0.339641
0.550017
0.917134
0.547765
0.305873
0.118871
0.433774
0.160318
0.861444
0.182806
0.783442
0.0902921
0.850644
0.128547
0.92447
0.119181
0.134275
0.421937
0.446549
0.33168
0.339925
0.567738
0.331966
0.799329
0.244656
0.111027
0.201714
0.166636
0.550303
0.324924
0.149107
0.267897
0.727378
0.813328
0.664089
0.32852
0.49139
0.27852
0.44894
0.137994
0.335055
0.126389
0.144087
0.785501
0.134819
0.159887
0.111485
0.567946
0.237683
0.432073
0.369494
0.125358
0.102002
0.912211
0.354497
0.103116
0.133474
0.357216
0.319964
0.122166
0.147747
0.247126
0.566464
0.895416
0.56699
0.758601
0.75951
0.251707
0.223366
0.728409
0.228472
0.211093
0.766972
0.207916
0.140307
0.45782
0.188527
0.53472
0.764916
0.480823
0.711302
0.115092
0.661671
0.590927
0.152155
0.120901
0.752892
0.933588
0.724354
0.449059
0.699413
0.198126
0.204072
0.310523
0.159303
0.12323
0.583645
0.185873
0.426387
0.190345
0.23011
0.140134
0.594984
0.5578
0.724959
0.782752
0.776272
0.255314
0.581582
0.314303
0.905276
0.332134
0.908878
0.728444
0.228902
0.839571
0.15082
0.401492
0.786564
0.705276
0.180361
0.0850828
0.698437
0.699757
0.581607
0.404403
0.319438
0.192237
0.164213
0.758372
0.734817
0.656476
0.328896
0.710019
0.893034
0.677793
0.775449
0.637065
0.890574
0.1235
0.166773
0.79082
0.690652
0.821008
0.707034
0.732814
0.158575
0.710532
0.205999
0.641796
0.139614
0.923237
0.763186
0.817851
0.247945
0.184652
0.200323
0.243573
