1
1
1
0.872727
1
1
0.988889
1
1
0.921875
0.962295
0.938462
0.82
0.703226
1
0.986667
0.966667
0.55665
1
1
0.651163
0.966292
1
1
0.987952
0.730198
0.625
1
0.648855
0.7875
1
0.821839
0.843575
0.968421
0.884058
0.862876
1
0.812834
1
1
1
1
0.533835
0.929936
0.509091
1
0.784314
0.912568
0.860058
0.849558
1
0.697842
0.918605
0.852632
0.681633
0.991342
0.96
0.932584
0.724138
0.907514
0.650407
0.954023
0.739726
0.987179
0.891931
0.587738
1
1
0.746631
0.940476
0.846154
0.909524
0.690083
0.671512
0.695652
0.784314
0.982353
1
0.584867
0.438931
0.958716
1
0.406557
0.642361
0.782609
0.9375
0.730337
1
0.984934
0.947059
0.771863
0.862319
0.720524
1
0.360656
0.974359
0.624365
0.959507
0.875399
0.89782
0.914729
0.784299
0.496212
0.938462
0.837004
0.514851
0.938967
0.87963
0.463415
0.863518
0.894366
0.773504
0.966
0.588816
0.348285
0.71374
0.904494
0.451613
0.930029
0.962363
0.964681
0.958333
0.86385
0.633609
0.760066
0.985507
0.640263
0.571429
0.918033
0.815261
0.466942
0.504399
0.483094
1
0.467114
1
0.49345
1
0.636691
0.977273
0.9375
0.825366
0.690476
0.862319
0.608696
0.881818
1
0.92
0.428125
0.75
0.742475
0.604027
1
0.849183
0.561197
0.321451
0.480248
0.466535
0.437117
0.54284
0.577882
0.450579
0.455076
0.560913
0.915875
0.530892
0.74182
0.435208
0.454795
0.584323
0.492492
0.304706
0.397531
0.469799
0.318436
0.479514
0.440984
0.373678
0.604348
0.477361
0.799856
0.6193
0.574965
