NormSegsGreenness 
0.220341
0.240989
0.234383
0.239228
0.750329
0.269912
0.249152
0.232902
0.23065
0.229757
0.729174
0.738718
0.231117
0.253919
0.726541
0.233968
0.726386
0.227843
0.740436
0.229556
0.730373
0.246183
0.238223
0.726251
0.233791
0.260003
0.262905
0.236008
0.249657
0.238149
0.238046
0.242733
0.249376
0.740443
0.727878
0.238217
0.261722
0.222999
0.731581
0.732184
0.240815
0.733325
0.726895
0.266317
0.240747
0.234023
0.236989
0.2559
0.229745
0.247278
0.248599
0.235198
0.730705
0.232185
0.237327
0.261461
0.237919
0.268939
0.233655
0.24179
0.246734
0.239763
0.235175
0.260985
0.257808
0.25275
0.249691
0.236357
0.725142
0.735338
0.234584
0.243404
0.255058
0.730736
0.233942
0.239479
0.276106
0.736248
0.257984
0.725651
0.265215
0.726193
0.236433
0.271796
0.242089
0.263602
0.733921
0.249627
0.24808
0.238746
0.246994
0.252474
0.237571
0.273139
0.232953
0.253209
0.235699
0.728264
0.229225
0.738129
0.261117
0.233686
0.238305
0.258854
0.240738
0.728051
0.231124
0.235384
0.728637
0.270466
0.237089
0.238568
0.730498
0.239572
0.733791
0.253811
0.257584
0.738222
0.232866
0.259287
0.725092
0.260867
0.241912
0.727401
0.228435
0.236386
0.239303
0.236946
0.267933
0.245142
0.27106
0.236283
0.736942
0.235908
0.730953
0.237812
0.734495
0.238032
0.262144
0.732329
0.266746
0.237764
0.727614
0.734383
0.262962
0.264809
0.243334
0.746923
0.240593
0.233987
0.731603
0.250999
0.235024
0.239585
0.236069
0.234543
0.739018
0.234715
0.237525
0.727285
0.236892
0.233354
0.231613
0.240028
0.729567
0.232421
0.233142
0.234009
0.728631
0.244919
0.254678
0.232363
0.735206
0.730181
0.22991
0.245801
0.255678
0.229458
0.740494
0.23562
0.261193
0.267933
0.234772
0.726083
0.261281
0.735653
0.232902
0.734211
0.230131
0.232623
0.237065
0.726109
0.232651
0.2345
0.73212
0.239508
0.729975
0.248467
0.256732
0.731578
0.236067
0.734548
0.276249
0.238548
0.728219
0.737442
0.273155
0.236753
0.251227
0.240831
0.233635
0.238523
0.260488
0.728894
0.264219
0.247579
0.271271
0.231457
0.236418
0.238372
0.244087
0.240045
0.238912
0.23291
0.246989
0.731894
0.730404
0.237458
0.231373
0.236428
0.233936
0.739719
0.238229
0.232089
0.270381
0.233661
0.233553
0.234926
0.238777
0.244911
0.730343
0.243908
0.248162
0.238951
0.732151
0.732561
0.239785
0.251315
0.731718
0.272207
0.249703
0.261715
0.225127
0.240631
0.245875
0.236558
0.235685
0.23779
0.237457
0.727588
0.731292
0.235931
0.240715
0.726679
0.248112
0.734936
0.264023
0.246894
0.234723
0.260809
0.732672
0.23924
0.263176
0.240614
0.237629
0.259825
0.233695
0.239061
0.247319
0.237381
0.235435
0.236207
0.266211
0.239074
0.733191
0.743951
0.231849
0.22828
0.225894
0.72923
0.235292
0.231184
0.267101
0.237714
0.257243
0.231865
0.230221
0.249904
0.237814
0.238123
0.236789
0.233193
0.262455
0.24253
0.239355
0.236057
0.257486
0.237952
0.234111
0.233679
0.243577
0.259635
0.232785
0.249157
0.231206
0.249701
0.271983
0.274722
0.246798
0.727085
0.24446
0.255522
0.245452
0.236582
0.733754
0.232849
0.237992
0.736739
0.262795
0.23891
0.264296
0.24574
0.272693
0.239673
0.241201
0.225424
0.735581
0.233752
0.256831
0.235998
0.238129
0.236053
0.237885
0.237742
0.241812
0.741737
0.728498
0.246275
0.246936
0.237215
0.234005
0.2333
0.23719
0.271503
0.244192
0.243382
0.730311
0.243766
0.245867
0.261955
0.237863
0.249525
0.25709
0.727632
0.247444
0.73355
0.237425
0.249551
0.260933
0.235542
0.236649
0.248231
0.248007
0.243683
0.239983
0.240612
0.244881
0.242745
0.233312
0.234934
0.237873
0.234096
0.242489
0.240443
0.24119
0.725073
0.728634
0.248239
0.234491
0.238092
0.239344
0.234488
0.235094
0.238495
0.22977
0.233024
0.236792
0.233547
0.215556
0.233624
0.236563
0.232555
0.241225
0.234379
0.234042
0.237249
0.239874
0.240191
0.239246
Planarity 
0.958281
0.902642
0.991094
0.961189
0.935989
0.87486
0.937196
0.933725
0.969589
0.948958
0.923314
0.942738
0.877645
0.976772
0.979675
0.981505
0.943717
0.956585
0.969585
0.954391
0.967449
0.915573
0.968429
0.976064
0.954733
0.90629
0.951695
0.887285
0.964601
0.974972
0.909561
0.975721
0.940219
0.955104
0.964582
0.949213
0.936666
0.895086
0.912185
0.935935
0.943817
0.730914
0.974382
0.985311
0.889343
0.929122
0.939937
0.89504
0.963866
0.845994
0.922965
0.971315
0.959648
0.966069
0.951139
0.956981
0.982547
0.976692
0.968986
0.961476
0.943499
0.931575
0.885579
0.859568
0.969944
0.911748
0.96404
0.977631
0.907097
0.94606
0.952306
0.998424
0.922667
0.933586
0.951067
0.818064
0.750654
0.967834
0.961951
0.322788
0.978463
0.903108
0.917287
0.957606
0.883897
0.954115
0.912913
0.938075
0.976614
0.861369
0.983245
0.950465
0.991191
0.894146
0.970504
0.953033
0.957119
0.972236
0.930348
0.942002
0.915539
0.940916
0.972001
0.952282
0.949668
0.928395
0.996628
0.967906
0.854841
0.984761
0.977847
0.989176
0.959644
0.993476
0.955541
0.922745
0.894633
0.922419
0.900249
0.748268
0.968627
0.976684
0.99264
0.943917
0.985368
0.629764
0.905016
0.920615
0.972909
0.932187
0.955444
0.894493
0.97366
0.962023
0.896904
0.95356
0.907352
0.941379
0.974216
0.957578
0.905629
0.961248
0.945434
0.826025
0.940081
0.975722
0.756323
0.740622
0.982262
0.978863
0.947773
0.96878
0.944446
0.963674
0.685265
0.995961
0.943793
0.981468
0.961761
0.908426
0.975017
0.94861
0.952577
0.985416
0.905689
0.943081
0.941384
0.967706
0.945154
0.895418
0.961536
0.865176
0.955021
0.94984
0.949903
0.977301
0.821895
0.934429
0.912104
0.954207
0.791695
0.940594
0.985719
0.924946
0.955394
0.970391
0.93703
0.923723
0.928285
0.962654
0.718699
0.879636
0.891871
0.985122
0.81157
0.987582
0.901375
0.970899
0.95737
0.934668
0.929986
0.715805
0.947964
0.968717
0.964732
0.915241
0.790569
0.985447
0.767364
0.984577
0.968476
0.917893
0.929958
0.916444
0.915953
0.957486
0.897593
0.977013
0.946619
0.932434
0.947913
0.899269
0.962143
0.942093
0.995651
0.956884
0.982473
0.973709
0.973471
0.975153
0.993785
0.96884
0.986687
0.848949
0.88978
0.943794
0.927034
0.925109
0.519348
0.829626
0.93682
0.971806
0.987879
0.881386
0.90469
0.950898
0.939222
0.965177
0.859063
0.971718
0.898042
0.816926
0.683301
0.973347
0.577201
0.98855
0.973884
0.966383
0.967544
0.986229
0.959337
0.990685
0.972636
0.896513
0.959109
0.882718
0.967737
0.965872
0.976003
0.938712
0.515942
0.989091
0.940551
0.916375
0.934604
0.921021
0.886545
0.871928
0.985753
0.990434
0.995427
0.860633
0.89887
0.938896
0.776404
0.942411
0.870849
0.983826
0.877685
0.881451
0.965529
0.970192
0.960208
0.967221
0.980089
0.932683
0.94819
0.842355
0.737078
0.973175
0.911099
0.91128
0.97525
0.848667
0.870825
0.953153
0.954172
0.987035
0.95353
0.898091
0.936068
0.970497
0.978464
0.993898
0.883888
0.68834
0.887165
0.859517
0.978387
0.923388
0.844927
0.9478
0.95862
0.945393
0.8882
0.967774
0.996773
0.897033
0.917405
0.703111
0.958539
0.917185
0.967036
0.787232
0.988053
0.94696
0.843246
0.967231
0.840945
0.981561
0.889205
0.963688
0.91636
0.963757
0.982797
0.848892
0.957709
0.958378
0.936906
0.996263
0.995044
0.97907
0.927327
0.929168
0.936647
0.942966
0.935123
0.953049
0.97257
0.974657
0.846509
0.994812
0.88271
0.937089
0.972951
0.948102
0.977378
0.983877
0.812055
0.969037
0.910806
0.967849
0.980166
0.885846
0.944771
0.997816
0.978077
0.990378
0.914225
0.993686
0.994186
0.954561
0.925515
0.99744
0.962463
0.902951
0.953077
0.942536
0.906121
0.996202
0.978888
0.975181
0.930725
0.995762
0.974328
0.995939
0.936795
0.875701
0.951175
0.93333
0.989967
0.998593
0.986163
0.91217
0.869625
0.999395
0.994511
0.996444
0.984383
Elevation 
0.425581
0.426893
0.40744
0.710709
0.591675
0.50867
0.790345
0.248039
0.700002
0.318501
0.468516
0.645844
0.499794
0.49617
0.783835
0.563892
0.676118
0.339363
0.501729
0.833765
0.628234
0.57139
0.611606
0.729509
0.256111
0.477384
0.378784
0.847072
0.459472
0.890413
0.356063
0.531931
0.570302
0.609686
0.586965
0.7785
0.425827
0.84198
0.404528
0.743461
0.364998
0.371108
0.804404
0.414332
0.40865
0.640245
0.78307
0.394348
0.890975
0.416053
0.378056
0.521594
0.79194
0.714214
0.429823
0.708188
0.831221
0.395674
0.430414
0.936637
0.537429
0.786278
0.290342
0.670096
0.609333
0.520796
0.28943
0.797223
0.658631
0.571755
0.296532
0.5599
0.839773
0.460459
0.977573
0.232633
0.464947
0.677334
0.629546
0.52811
0.411336
0.450738
0.370725
0.872279
0.716899
0.382366
0.773594
0.763801
0.58547
0.836749
0.544527
0.506948
0.81144
0.745003
0.322519
0.621672
0.725539
0.730876
0.663152
0.384505
0.298715
0.75158
0.739768
0.483278
0.892292
0.726209
0.893041
0.833356
0.559835
0.50414
0.911703
0.873881
0.68041
0.819333
0.439239
0.578347
0.364009
0.721814
0.802895
0.520999
0.771848
0.459829
0.771868
0.424707
0.215124
0.822162
0.746601
0.851808
0.546497
0.489081
0.765668
0.331791
0.697774
0.294713
0.758871
0.862526
0.655847
0.543807
0.652546
0.732724
0.61116
0.632897
0.281509
0.648638
0.649819
0.692829
0.335689
0.550497
0.911485
0.593383
0.640621
0.506106
0.921988
0.421177
0.734406
0.88569
0.632045
0.812673
0.264781
0.530986
0.384645
0.826297
0.299187
0.892446
0.689401
0.465753
0.759157
0.910086
0.758398
0.437988
0.378399
0.506611
0.809996
0.674001
0.687367
0.888699
0.674083
0.846219
0.629716
0.394708
0.605826
0.520032
0.890968
0.625374
0.591911
0.75812
0.727283
0.583056
0.77444
0.907306
0.293287
0.641397
0.493865
0.475228
0.588673
0.918507
0.722139
0.818394
0.586148
0.60637
0.315029
0.51172
0.422547
0.866794
0.743208
0.543829
0.445589
0.925995
0.815734
0.887019
0.796029
0.881405
0.492311
0.480118
0.378381
0.385193
0.494414
0.86136
0.546384
0.671423
0.308036
0.656354
0.775128
0.897137
0.721018
0.641384
0.629279
0.70164
0.743125
0.934314
0.956251
0.534467
0.596291
0.25736
0.389249
0.70793
0.678282
0.424434
0.91536
0.625252
0.601961
0.739402
0.815676
0.312031
0.630338
0.779463
0.48119
0.491093
0.825541
0.573334
0.362151
0.820909
0.847847
0.602747
0.786446
0.554524
0.554853
0.549114
0.717944
0.856221
0.75855
0.94189
0.853412
0.744808
0.610728
0.728946
0.436373
0.785731
0.826595
0.692021
0.622415
0.545214
0.509706
0.89943
0.87537
0.478904
0.357556
0.804276
0.770812
0.409681
0.557655
0.911621
0.437825
0.674097
0.635603
0.589208
0.307707
0.555939
0.643161
0.733197
0.434418
0.710886
0.585595
0.795184
0.500695
0.852621
0.8353
0.460406
0.397023
0.703768
0.851143
0.52969
0.861519
0.350227
0.627573
0.295982
0.588658
0.806561
0.949542
0.782228
0.353166
0.612781
0.906027
0.642877
0.607962
0.32036
0.424924
0.56995
0.663256
0.6772
0.792372
0.475255
0.568493
0.887108
0.730569
0.823764
0.716108
0.545429
0.599276
0.885563
0.362178
0.301815
0.395451
0.306764
0.869431
0.679783
0.369039
0.833194
0.596525
0.7875
0.814556
0.862178
0.292587
0.694966
0.611292
0.647638
0.729113
0.555707
0.333893
0.58674
0.722231
0.72331
0.780761
0.72017
0.620729
0.784673
0.681625
0.5911
0.853015
0.534883
0.663468
0.535946
0.624843
0.627542
0.517098
0.52833
0.900935
0.77012
0.560335
0.786744
0.601563
0.44804
0.695561
0.634191
0.878452
0.299696
0.363014
0.224065
0.81846
0.804813
0.588107
0.954152
0.777326
0.608036
0.881852
0.526114
0.697418
0.53951
0.883622
0.681804
0.789556
0.712274
0.906485
0.643931
0.825388
0.579646
0.869138
0.935306
0.833781
0.954724
0.689988
0.675654
0.915254
0.937612
0.818694
0.268353
0.513918
0.528005
0.666816
Horizontality 
0.112831
0.335548
0.641156
0.0649135
0.501127
0.232166
0.245269
0.620357
0.380029
0.666366
0.237333
0.839583
0.661972
0.208799
0.743799
0.0804985
0.229105
0.545715
0.132609
0.485671
0.75332
0.0982163
0.0909309
0.387156
0.787646
0.210648
0.809494
0.750008
0.41902
0.229486
0.138397
0.161627
0.116598
0.546286
0.774889
0.639747
0.335177
0.198569
0.341388
0.913116
0.67043
0.586599
0.648168
0.535604
0.458179
0.240269
0.693303
0.684624
0.618176
0.574701
0.32968
0.0972971
0.470688
0.591684
0.170181
0.303893
0.9783
0.282117
0.357277
0.897111
0.0780257
0.734246
0.597952
0.803103
0.0929593
0.103456
0.658971
0.94771
0.195237
0.44762
0.505535
0.111359
0.863368
0.351047
0.347189
0.785505
0.25782
0.825231
0.255457
0.345709
0.417549
0.583255
0.333717
0.116258
0.21128
0.616697
0.610132
0.277865
0.0804843
0.207828
0.124965
0.210151
0.230626
0.884027
0.84922
0.0891972
0.915715
0.255728
0.221544
0.591096
0.334296
0.787882
0.596656
0.654872
0.234995
0.254911
0.615907
0.435386
0.354257
0.130447
0.158691
0.233721
0.726483
0.904136
0.243862
0.69835
0.322313
0.489626
0.267007
0.575594
0.267948
0.350935
0.103219
0.271558
0.523373
0.745984
0.594157
0.153307
0.36922
0.213334
0.536203
0.260201
0.268197
0.399845
0.839956
0.891611
0.445944
0.196733
0.228472
0.168106
0.566467
0.125358
0.246126
0.657629
0.283067
0.193337
0.535287
0.243798
0.223579
0.13776
0.781145
0.201203
0.781009
0.709988
0.418797
0.0902921
0.9056
0.855057
0.493828
0.287418
0.92447
0.198699
0.474094
0.181908
0.753356
0.210558
0.119181
0.244415
0.604646
0.380806
0.130789
0.683203
0.899188
0.776969
0.126546
0.115837
0.208845
0.545226
0.59449
0.378246
0.503542
0.25166
0.11715
0.815555
0.435743
0.888171
0.113044
0.428568
0.438502
0.354082
0.610631
0.749625
0.414713
0.917143
0.700731
0.924039
0.305186
0.106656
0.727169
0.667521
0.439919
0.288618
0.602773
0.179361
0.82701
0.199063
0.707929
0.799329
0.379537
0.148086
0.729095
0.797589
0.174795
0.454592
0.855223
0.876238
0.431976
0.528011
0.638867
0.170254
0.494262
0.0959587
0.842626
0.439974
0.137994
0.317377
0.382244
0.125913
0.144087
0.801073
0.777752
0.173282
0.105415
0.403577
0.435831
0.74816
0.223665
0.283511
0.52425
0.360322
0.355488
0.237683
0.917134
0.665253
0.591109
0.571485
0.271107
0.137327
0.852199
0.267542
0.449506
0.428408
0.831288
0.258464
0.169294
0.122166
0.143324
0.244428
0.79303
0.890353
0.567947
0.805754
0.937505
0.724259
0.0980937
0.748862
0.545139
0.735025
0.271143
0.444413
0.366881
0.10649
0.192425
0.361268
0.427621
0.215418
0.165318
0.746516
0.880711
0.933802
0.159372
0.552641
0.270735
0.14514
0.663184
0.434799
0.800819
0.187956
0.234252
0.633161
0.596746
0.111742
0.412623
0.785795
0.574431
0.56538
0.526376
0.532537
0.434717
0.2089
0.508397
0.150903
0.840589
0.304025
0.291289
0.893379
0.218045
0.778872
0.842906
0.204676
0.906836
0.335061
0.581582
0.139738
0.222408
0.70888
0.732589
0.274025
0.139616
0.295321
0.324728
0.435638
0.129942
0.700784
0.766638
0.208483
0.0889098
0.311322
0.727577
0.153137
0.928349
0.652021
0.769768
0.390531
0.818068
0.0984738
0.737574
0.507875
0.280586
0.207882
0.241122
0.889833
0.757042
0.597429
0.0825557
0.628415
0.646405
0.2041
0.700629
0.162408
0.188443
0.131501
0.728848
0.461795
0.157538
0.775911
0.465601
0.272958
0.770731
0.117593
0.478264
0.151321
0.431095
0.310328
0.189661
0.281481
0.776064
0.798763
0.32118
0.752906
0.156565
0.388113
0.183271
0.19242
0.671043
0.907756
0.917738
0.912533
0.700368
0.766508
0.244371
0.735556
0.7385
0.120454
0.769976
0.318928
0.36248
0.192139
0.777132
0.1235
0.809646
0.204936
0.716261
0.18937
0.767972
0.134556
0.741448
0.732158
0.833751
0.678907
0.240637
0.159452
0.885155
0.73118
0.655675
0.927576
0.155049
0.139921
0.241003
Density 
0.15942
0.0724638
0.0434783
0.101449
0.115942
0.057971
0.173913
0.0144928
0.188406
0.0289855
0.333333
0.0869565
0.0144928
0.855072
0.246377
0.376812
0.449275
0.0289855
0.0289855
0.101449
0.0724638
0.0144928
0.0289855
0.0434783
0.565217
0.0289855
0.0289855
0.15942
0.231884
0.188406
0.275362
0.057971
0.057971
0.144928
0.0289855
0.101449
0.0724638
0.0144928
0.0724638
0.217391
0.202899
0.173913
0.217391
0.115942
0.188406
0.0289855
0.0869565
0.057971
0.188406
0.130435
0.0289855
0.0724638
0.130435
0.0144928
0.0144928
0.289855
0.0144928
0.565217
0.0289855
0.231884
0.724638
0.15942
0.0289855
0.188406
0.202899
0.695652
0.710145
0.0724638
0.0144928
0.0144928
0.0144928
0.217391
0.0144928
0.057971
0.0434783
0.0144928
0.0144928
0.0289855
0.0144928
0.0289855
0.0289855
0.0869565
0.0289855
0.0289855
0.101449
0.188406
0.0144928
0.0289855
0.0144928
0.202899
0.15942
0.057971
0.782609
0.0144928
0
0
0.463768
0.463768
0.0144928
0.0144928
0.057971
0.15942
0.246377
0.0144928
0.0434783
0.0144928
0.0434783
0.0144928
0.057971
0.608696
0.231884
0.0434783
0.84058
0.0289855
0.0144928
0.0144928
0.26087
0.26087
0.0144928
0.130435
0.144928
0.391304
0.057971
0.115942
0.0289855
0.0434783
0.0144928
0.0144928
0.0144928
0.130435
0.0289855
0.0289855
0.84058
0.0289855
0.057971
0.57971
0.057971
0.101449
0.0724638
0.0724638
0.0289855
0.115942
0.0434783
0.0724638
0.26087
0.15942
0.231884
0.666667
0.333333
0.0434783
0.0724638
0.130435
0.057971
0.0289855
0.144928
0.130435
0.130435
0.057971
0.0724638
0.057971
0.0724638
0.144928
0.115942
0.130435
0.0144928
0.0144928
0
0.057971
0.144928
0.0869565
0.0434783
0.0289855
0.0434783
0.0724638
0.0144928
0.0144928
0.0724638
0.0144928
0.637681
0.115942
0.0144928
0.057971
0.130435
0.0144928
0.130435
0.057971
0.0434783
0.0144928
0.26087
0.0869565
0.115942
0.565217
0.202899
0.0289855
0.115942
0.144928
0.0434783
0.0289855
0.202899
0.057971
0.0144928
0.217391
0.101449
0.115942
0.188406
0.202899
0.173913
0.0434783
0.246377
0.188406
0.188406
0.0144928
0.0724638
0.144928
0.0289855
0.231884
0.188406
0.188406
0.0869565
0.057971
0.275362
0.188406
0.0144928
0.188406
0.188406
0.173913
0.246377
0.275362
0.188406
0.188406
0.115942
0.202899
0.202899
0.231884
0.188406
0.188406
0.115942
0.217391
0.202899
0.144928
0.188406
0.0144928
0.188406
0.202899
0.057971
0.101449
0.188406
0.188406
0.0144928
0.188406
0.0869565
0.188406
0.275362
0.188406
0.0724638
0.130435
0.130435
0.0869565
0.202899
0.188406
0.202899
0.0869565
0.0289855
0.0724638
0.115942
0.130435
0.101449
0.0869565
0.0869565
0.231884
0.0434783
0.289855
0.0869565
0.0869565
0.057971
0.0289855
0.0289855
0.0869565
0.202899
0.0869565
0.115942
0.0869565
0.246377
0.130435
0.130435
0.0144928
0.246377
0.057971
0.26087
0.231884
0.173913
0.26087
0.144928
0.15942
0.0869565
0.289855
0.217391
0.202899
0.231884
0.15942
0.15942
0.202899
0.0724638
0.0869565
0.0869565
0.130435
0.0724638
0.057971
0.173913
0.0869565
0.304348
0.246377
0.0724638
0.0289855
0.0144928
0.173913
0.101449
0.057971
0.101449
0.0724638
0.173913
0.173913
0.0724638
0.0289855
0.0144928
0.0144928
0.0434783
0.0144928
0.768116
0.0144928
0.0724638
0.0869565
0.637681
0.0144928
0.0724638
0.115942
0.115942
0.449275
0.130435
0.188406
0.333333
0.0724638
0.130435
0.173913
0.115942
0.0724638
0.15942
0.144928
0.173913
0.15942
0.0724638
0.0724638
0.144928
0.202899
0.173913
0.202899
0.0434783
0.0289855
0.15942
0.246377
0.0724638
0.0434783
0.0869565
0.0434783
0.057971
0.0289855
0.0724638
0.130435
0.0144928
0.0434783
0.0144928
0.0289855
0.15942
0.0144928
0.246377
0.231884
0.217391
0.115942
0.188406
0.188406
0.130435
0.304348
0.115942
0.115942
0.26087
0.304348
0.15942
0.275362
0.115942
0.115942
0.144928
0.0869565
0.231884
0.144928
0.115942
0.0724638
0.0434783
0.101449
0.130435
0.0289855
0.130435
0.0144928
0.188406
0.15942
0.173913
0.202899
0.275362
0.173913
0.101449
Density 
0.813559
0.915254
0.949153
0.881356
0.864407
0.932203
0.79661
0.983051
0.779661
0.966102
0.610169
0.898305
0.983051
0
0.711864
0.559322
0.474576
0.966102
0.966102
0.881356
0.915254
0.983051
0.966102
0.949153
0.338983
0.966102
0.966102
0.813559
0.728814
0.779661
0.677966
0.932203
0.932203
0.830508
0.966102
0.881356
0.915254
0.983051
0.915254
0.745763
0.762712
0.79661
0.745763
0.864407
0.779661
0.966102
0.898305
0.932203
0.779661
0.847458
0.966102
0.915254
0.847458
0.983051
0.983051
0.661017
0.983051
0.338983
0.966102
0.728814
0.152542
0.813559
0.966102
0.779661
0.762712
0.186441
0.169492
0.915254
0.983051
0.983051
0.983051
0.745763
0.983051
0.932203
0.949153
0.983051
0.983051
0.966102
0.983051
0.966102
0.966102
0.898305
0.966102
0.966102
0.881356
0.779661
0.983051
0.966102
0.983051
0.762712
0.813559
0.932203
0.0847458
0.983051
1
1
0.457627
0.457627
0.983051
0.983051
0.932203
0.813559
0.711864
0.983051
0.949153
0.983051
0.949153
0.983051
0.932203
0.288136
0.728814
0.949153
0.0169492
0.966102
0.983051
0.983051
0.694915
0.694915
0.983051
0.847458
0.830508
0.542373
0.932203
0.864407
0.966102
0.949153
0.983051
0.983051
0.983051
0.847458
0.966102
0.966102
0.0169492
0.966102
0.932203
0.322034
0.932203
0.881356
0.915254
0.915254
0.966102
0.864407
0.949153
0.915254
0.694915
0.813559
0.728814
0.220339
0.610169
0.949153
0.915254
0.847458
0.932203
0.966102
0.830508
0.847458
0.847458
0.932203
0.915254
0.932203
0.915254
0.830508
0.864407
0.847458
0.983051
0.983051
1
0.932203
0.830508
0.898305
0.949153
0.966102
0.949153
0.915254
0.983051
0.983051
0.915254
0.983051
0.254237
0.864407
0.983051
0.932203
0.847458
0.983051
0.847458
0.932203
0.949153
0.983051
0.694915
0.898305
0.864407
0.338983
0.762712
0.966102
0.864407
0.830508
0.949153
0.966102
0.762712
0.932203
0.983051
0.745763
0.881356
0.864407
0.779661
0.762712
0.79661
0.949153
0.711864
0.779661
0.779661
0.983051
0.915254
0.830508
0.966102
0.728814
0.779661
0.779661
0.898305
0.932203
0.677966
0.779661
0.983051
0.779661
0.779661
0.79661
0.711864
0.677966
0.779661
0.779661
0.864407
0.762712
0.762712
0.728814
0.779661
0.779661
0.864407
0.745763
0.762712
0.830508
0.779661
0.983051
0.779661
0.762712
0.932203
0.881356
0.779661
0.779661
0.983051
0.779661
0.898305
0.779661
0.677966
0.779661
0.915254
0.847458
0.847458
0.898305
0.762712
0.779661
0.762712
0.898305
0.966102
0.915254
0.864407
0.847458
0.881356
0.898305
0.898305
0.728814
0.949153
0.661017
0.898305
0.898305
0.932203
0.966102
0.966102
0.898305
0.762712
0.898305
0.864407
0.898305
0.711864
0.847458
0.847458
0.983051
0.711864
0.932203
0.694915
0.728814
0.79661
0.694915
0.830508
0.813559
0.898305
0.661017
0.745763
0.762712
0.728814
0.813559
0.813559
0.762712
0.915254
0.898305
0.898305
0.847458
0.915254
0.932203
0.79661
0.898305
0.644068
0.711864
0.915254
0.966102
0.983051
0.79661
0.881356
0.932203
0.881356
0.915254
0.79661
0.79661
0.915254
0.966102
0.983051
0.983051
0.949153
0.983051
0.101695
0.983051
0.915254
0.898305
0.254237
0.983051
0.915254
0.864407
0.864407
0.474576
0.847458
0.779661
0.610169
0.915254
0.847458
0.79661
0.864407
0.915254
0.813559
0.830508
0.79661
0.813559
0.915254
0.915254
0.830508
0.762712
0.79661
0.762712
0.949153
0.966102
0.813559
0.711864
0.915254
0.949153
0.898305
0.949153
0.932203
0.966102
0.915254
0.847458
0.983051
0.949153
0.983051
0.966102
0.813559
0.983051
0.711864
0.728814
0.745763
0.864407
0.779661
0.779661
0.847458
0.644068
0.864407
0.864407
0.694915
0.644068
0.813559
0.677966
0.864407
0.864407
0.830508
0.898305
0.728814
0.830508
0.864407
0.915254
0.949153
0.881356
0.847458
0.966102
0.847458
0.983051
0.779661
0.813559
0.79661
0.762712
0.677966
0.79661
0.881356
NormSegsGreenness 
0.220341
0.240989
0.234383
0.239228
0.750329
0.269912
0.249152
0.232902
0.23065
0.229757
0.729174
0.738718
0.231117
0.253919
0.726541
0.233968
0.726386
0.227843
0.740436
0.229556
0.730373
0.246183
0.238223
0.726251
0.233791
0.260003
0.262905
0.236008
0.249657
0.238149
0.238046
0.242733
0.249376
0.740443
0.727878
0.238217
0.261722
0.222999
0.731581
0.732184
0.240815
0.733325
0.726895
0.266317
0.240747
0.234023
0.236989
0.2559
0.229745
0.247278
0.248599
0.235198
0.730705
0.232185
0.237327
0.261461
0.237919
0.268939
0.233655
0.24179
0.246734
0.239763
0.235175
0.260985
0.257808
0.25275
0.249691
0.236357
0.725142
0.735338
0.234584
0.243404
0.255058
0.730736
0.233942
0.239479
0.276106
0.736248
0.257984
0.725651
0.265215
0.726193
0.236433
0.271796
0.242089
0.263602
0.733921
0.249627
0.24808
0.238746
0.246994
0.252474
0.237571
0.273139
0.232953
0.253209
0.235699
0.728264
0.229225
0.738129
0.261117
0.233686
0.238305
0.258854
0.240738
0.728051
0.231124
0.235384
0.728637
0.270466
0.237089
0.238568
0.730498
0.239572
0.733791
0.253811
0.257584
0.738222
0.232866
0.259287
0.725092
0.260867
0.241912
0.727401
0.228435
0.236386
0.239303
0.236946
0.267933
0.245142
0.27106
0.236283
0.736942
0.235908
0.730953
0.237812
0.734495
0.238032
0.262144
0.732329
0.266746
0.237764
0.727614
0.734383
0.262962
0.264809
0.243334
0.746923
0.240593
0.233987
0.731603
0.250999
0.235024
0.239585
0.236069
0.234543
0.739018
0.234715
0.237525
0.727285
0.236892
0.233354
0.231613
0.240028
0.729567
0.232421
0.233142
0.234009
0.728631
0.244919
0.254678
0.232363
0.735206
0.730181
0.22991
0.245801
0.255678
0.229458
0.740494
0.23562
0.261193
0.267933
0.234772
0.726083
0.261281
0.735653
0.232902
0.734211
0.230131
0.232623
0.237065
0.726109
0.232651
0.2345
0.73212
0.239508
0.729975
0.248467
0.256732
0.731578
0.236067
0.734548
0.276249
0.238548
0.728219
0.737442
0.273155
0.236753
0.251227
0.240831
0.233635
0.238523
0.260488
0.728894
0.264219
0.247579
0.271271
0.231457
0.236418
0.238372
0.244087
0.240045
0.238912
0.23291
0.246989
0.731894
0.730404
0.237458
0.231373
0.236428
0.233936
0.739719
0.238229
0.232089
0.270381
0.233661
0.233553
0.234926
0.238777
0.244911
0.730343
0.243908
0.248162
0.238951
0.732151
0.732561
0.239785
0.251315
0.731718
0.272207
0.249703
0.261715
0.225127
0.240631
0.245875
0.236558
0.235685
0.23779
0.237457
0.727588
0.731292
0.235931
0.240715
0.726679
0.248112
0.734936
0.264023
0.246894
0.234723
0.260809
0.732672
0.23924
0.263176
0.240614
0.237629
0.259825
0.233695
0.239061
0.247319
0.237381
0.235435
0.236207
0.266211
0.239074
0.733191
0.743951
0.231849
0.22828
0.225894
0.72923
0.235292
0.231184
0.267101
0.237714
0.257243
0.231865
0.230221
0.249904
0.237814
0.238123
0.236789
0.233193
0.262455
0.24253
0.239355
0.236057
0.257486
0.237952
0.234111
0.233679
0.243577
0.259635
0.232785
0.249157
0.231206
0.249701
0.271983
0.274722
0.246798
0.727085
0.24446
0.255522
0.245452
0.236582
0.733754
0.232849
0.237992
0.736739
0.262795
0.23891
0.264296
0.24574
0.272693
0.239673
0.241201
0.225424
0.735581
0.233752
0.256831
0.235998
0.238129
0.236053
0.237885
0.237742
0.241812
0.741737
0.728498
0.246275
0.246936
0.237215
0.234005
0.2333
0.23719
0.271503
0.244192
0.243382
0.730311
0.243766
0.245867
0.261955
0.237863
0.249525
0.25709
0.727632
0.247444
0.73355
0.237425
0.249551
0.260933
0.235542
0.236649
0.248231
0.248007
0.243683
0.239983
0.240612
0.244881
0.242745
0.233312
0.234934
0.237873
0.234096
0.242489
0.240443
0.24119
0.725073
0.728634
0.248239
0.234491
0.238092
0.239344
0.234488
0.235094
0.238495
0.22977
0.233024
0.236792
0.233547
0.215556
0.233624
0.236563
0.232555
0.241225
0.234379
0.234042
0.237249
0.239874
0.240191
0.239246
Planarity 
0.958281
0.902642
0.991094
0.961189
0.935989
0.87486
0.937196
0.933725
0.969589
0.948958
0.923314
0.942738
0.877645
0.976772
0.979675
0.981505
0.943717
0.956585
0.969585
0.954391
0.967449
0.915573
0.968429
0.976064
0.954733
0.90629
0.951695
0.887285
0.964601
0.974972
0.909561
0.975721
0.940219
0.955104
0.964582
0.949213
0.936666
0.895086
0.912185
0.935935
0.943817
0.730914
0.974382
0.985311
0.889343
0.929122
0.939937
0.89504
0.963866
0.845994
0.922965
0.971315
0.959648
0.966069
0.951139
0.956981
0.982547
0.976692
0.968986
0.961476
0.943499
0.931575
0.885579
0.859568
0.969944
0.911748
0.96404
0.977631
0.907097
0.94606
0.952306
0.998424
0.922667
0.933586
0.951067
0.818064
0.750654
0.967834
0.961951
0.322788
0.978463
0.903108
0.917287
0.957606
0.883897
0.954115
0.912913
0.938075
0.976614
0.861369
0.983245
0.950465
0.991191
0.894146
0.970504
0.953033
0.957119
0.972236
0.930348
0.942002
0.915539
0.940916
0.972001
0.952282
0.949668
0.928395
0.996628
0.967906
0.854841
0.984761
0.977847
0.989176
0.959644
0.993476
0.955541
0.922745
0.894633
0.922419
0.900249
0.748268
0.968627
0.976684
0.99264
0.943917
0.985368
0.629764
0.905016
0.920615
0.972909
0.932187
0.955444
0.894493
0.97366
0.962023
0.896904
0.95356
0.907352
0.941379
0.974216
0.957578
0.905629
0.961248
0.945434
0.826025
0.940081
0.975722
0.756323
0.740622
0.982262
0.978863
0.947773
0.96878
0.944446
0.963674
0.685265
0.995961
0.943793
0.981468
0.961761
0.908426
0.975017
0.94861
0.952577
0.985416
0.905689
0.943081
0.941384
0.967706
0.945154
0.895418
0.961536
0.865176
0.955021
0.94984
0.949903
0.977301
0.821895
0.934429
0.912104
0.954207
0.791695
0.940594
0.985719
0.924946
0.955394
0.970391
0.93703
0.923723
0.928285
0.962654
0.718699
0.879636
0.891871
0.985122
0.81157
0.987582
0.901375
0.970899
0.95737
0.934668
0.929986
0.715805
0.947964
0.968717
0.964732
0.915241
0.790569
0.985447
0.767364
0.984577
0.968476
0.917893
0.929958
0.916444
0.915953
0.957486
0.897593
0.977013
0.946619
0.932434
0.947913
0.899269
0.962143
0.942093
0.995651
0.956884
0.982473
0.973709
0.973471
0.975153
0.993785
0.96884
0.986687
0.848949
0.88978
0.943794
0.927034
0.925109
0.519348
0.829626
0.93682
0.971806
0.987879
0.881386
0.90469
0.950898
0.939222
0.965177
0.859063
0.971718
0.898042
0.816926
0.683301
0.973347
0.577201
0.98855
0.973884
0.966383
0.967544
0.986229
0.959337
0.990685
0.972636
0.896513
0.959109
0.882718
0.967737
0.965872
0.976003
0.938712
0.515942
0.989091
0.940551
0.916375
0.934604
0.921021
0.886545
0.871928
0.985753
0.990434
0.995427
0.860633
0.89887
0.938896
0.776404
0.942411
0.870849
0.983826
0.877685
0.881451
0.965529
0.970192
0.960208
0.967221
0.980089
0.932683
0.94819
0.842355
0.737078
0.973175
0.911099
0.91128
0.97525
0.848667
0.870825
0.953153
0.954172
0.987035
0.95353
0.898091
0.936068
0.970497
0.978464
0.993898
0.883888
0.68834
0.887165
0.859517
0.978387
0.923388
0.844927
0.9478
0.95862
0.945393
0.8882
0.967774
0.996773
0.897033
0.917405
0.703111
0.958539
0.917185
0.967036
0.787232
0.988053
0.94696
0.843246
0.967231
0.840945
0.981561
0.889205
0.963688
0.91636
0.963757
0.982797
0.848892
0.957709
0.958378
0.936906
0.996263
0.995044
0.97907
0.927327
0.929168
0.936647
0.942966
0.935123
0.953049
0.97257
0.974657
0.846509
0.994812
0.88271
0.937089
0.972951
0.948102
0.977378
0.983877
0.812055
0.969037
0.910806
0.967849
0.980166
0.885846
0.944771
0.997816
0.978077
0.990378
0.914225
0.993686
0.994186
0.954561
0.925515
0.99744
0.962463
0.902951
0.953077
0.942536
0.906121
0.996202
0.978888
0.975181
0.930725
0.995762
0.974328
0.995939
0.936795
0.875701
0.951175
0.93333
0.989967
0.998593
0.986163
0.91217
0.869625
0.999395
0.994511
0.996444
0.984383
Elevation 
0.425581
0.426893
0.40744
0.710709
0.591675
0.50867
0.790345
0.248039
0.700002
0.318501
0.468516
0.645844
0.499794
0.49617
0.783835
0.563892
0.676118
0.339363
0.501729
0.833765
0.628234
0.57139
0.611606
0.729509
0.256111
0.477384
0.378784
0.847072
0.459472
0.890413
0.356063
0.531931
0.570302
0.609686
0.586965
0.7785
0.425827
0.84198
0.404528
0.743461
0.364998
0.371108
0.804404
0.414332
0.40865
0.640245
0.78307
0.394348
0.890975
0.416053
0.378056
0.521594
0.79194
0.714214
0.429823
0.708188
0.831221
0.395674
0.430414
0.936637
0.537429
0.786278
0.290342
0.670096
0.609333
0.520796
0.28943
0.797223
0.658631
0.571755
0.296532
0.5599
0.839773
0.460459
0.977573
0.232633
0.464947
0.677334
0.629546
0.52811
0.411336
0.450738
0.370725
0.872279
0.716899
0.382366
0.773594
0.763801
0.58547
0.836749
0.544527
0.506948
0.81144
0.745003
0.322519
0.621672
0.725539
0.730876
0.663152
0.384505
0.298715
0.75158
0.739768
0.483278
0.892292
0.726209
0.893041
0.833356
0.559835
0.50414
0.911703
0.873881
0.68041
0.819333
0.439239
0.578347
0.364009
0.721814
0.802895
0.520999
0.771848
0.459829
0.771868
0.424707
0.215124
0.822162
0.746601
0.851808
0.546497
0.489081
0.765668
0.331791
0.697774
0.294713
0.758871
0.862526
0.655847
0.543807
0.652546
0.732724
0.61116
0.632897
0.281509
0.648638
0.649819
0.692829
0.335689
0.550497
0.911485
0.593383
0.640621
0.506106
0.921988
0.421177
0.734406
0.88569
0.632045
0.812673
0.264781
0.530986
0.384645
0.826297
0.299187
0.892446
0.689401
0.465753
0.759157
0.910086
0.758398
0.437988
0.378399
0.506611
0.809996
0.674001
0.687367
0.888699
0.674083
0.846219
0.629716
0.394708
0.605826
0.520032
0.890968
0.625374
0.591911
0.75812
0.727283
0.583056
0.77444
0.907306
0.293287
0.641397
0.493865
0.475228
0.588673
0.918507
0.722139
0.818394
0.586148
0.60637
0.315029
0.51172
0.422547
0.866794
0.743208
0.543829
0.445589
0.925995
0.815734
0.887019
0.796029
0.881405
0.492311
0.480118
0.378381
0.385193
0.494414
0.86136
0.546384
0.671423
0.308036
0.656354
0.775128
0.897137
0.721018
0.641384
0.629279
0.70164
0.743125
0.934314
0.956251
0.534467
0.596291
0.25736
0.389249
0.70793
0.678282
0.424434
0.91536
0.625252
0.601961
0.739402
0.815676
0.312031
0.630338
0.779463
0.48119
0.491093
0.825541
0.573334
0.362151
0.820909
0.847847
0.602747
0.786446
0.554524
0.554853
0.549114
0.717944
0.856221
0.75855
0.94189
0.853412
0.744808
0.610728
0.728946
0.436373
0.785731
0.826595
0.692021
0.622415
0.545214
0.509706
0.89943
0.87537
0.478904
0.357556
0.804276
0.770812
0.409681
0.557655
0.911621
0.437825
0.674097
0.635603
0.589208
0.307707
0.555939
0.643161
0.733197
0.434418
0.710886
0.585595
0.795184
0.500695
0.852621
0.8353
0.460406
0.397023
0.703768
0.851143
0.52969
0.861519
0.350227
0.627573
0.295982
0.588658
0.806561
0.949542
0.782228
0.353166
0.612781
0.906027
0.642877
0.607962
0.32036
0.424924
0.56995
0.663256
0.6772
0.792372
0.475255
0.568493
0.887108
0.730569
0.823764
0.716108
0.545429
0.599276
0.885563
0.362178
0.301815
0.395451
0.306764
0.869431
0.679783
0.369039
0.833194
0.596525
0.7875
0.814556
0.862178
0.292587
0.694966
0.611292
0.647638
0.729113
0.555707
0.333893
0.58674
0.722231
0.72331
0.780761
0.72017
0.620729
0.784673
0.681625
0.5911
0.853015
0.534883
0.663468
0.535946
0.624843
0.627542
0.517098
0.52833
0.900935
0.77012
0.560335
0.786744
0.601563
0.44804
0.695561
0.634191
0.878452
0.299696
0.363014
0.224065
0.81846
0.804813
0.588107
0.954152
0.777326
0.608036
0.881852
0.526114
0.697418
0.53951
0.883622
0.681804
0.789556
0.712274
0.906485
0.643931
0.825388
0.579646
0.869138
0.935306
0.833781
0.954724
0.689988
0.675654
0.915254
0.937612
0.818694
0.268353
0.513918
0.528005
0.666816
Horizontality 
0.112831
0.335548
0.641156
0.0649135
0.501127
0.232166
0.245269
0.620357
0.380029
0.666366
0.237333
0.839583
0.661972
0.208799
0.743799
0.0804985
0.229105
0.545715
0.132609
0.485671
0.75332
0.0982163
0.0909309
0.387156
0.787646
0.210648
0.809494
0.750008
0.41902
0.229486
0.138397
0.161627
0.116598
0.546286
0.774889
0.639747
0.335177
0.198569
0.341388
0.913116
0.67043
0.586599
0.648168
0.535604
0.458179
0.240269
0.693303
0.684624
0.618176
0.574701
0.32968
0.0972971
0.470688
0.591684
0.170181
0.303893
0.9783
0.282117
0.357277
0.897111
0.0780257
0.734246
0.597952
0.803103
0.0929593
0.103456
0.658971
0.94771
0.195237
0.44762
0.505535
0.111359
0.863368
0.351047
0.347189
0.785505
0.25782
0.825231
0.255457
0.345709
0.417549
0.583255
0.333717
0.116258
0.21128
0.616697
0.610132
0.277865
0.0804843
0.207828
0.124965
0.210151
0.230626
0.884027
0.84922
0.0891972
0.915715
0.255728
0.221544
0.591096
0.334296
0.787882
0.596656
0.654872
0.234995
0.254911
0.615907
0.435386
0.354257
0.130447
0.158691
0.233721
0.726483
0.904136
0.243862
0.69835
0.322313
0.489626
0.267007
0.575594
0.267948
0.350935
0.103219
0.271558
0.523373
0.745984
0.594157
0.153307
0.36922
0.213334
0.536203
0.260201
0.268197
0.399845
0.839956
0.891611
0.445944
0.196733
0.228472
0.168106
0.566467
0.125358
0.246126
0.657629
0.283067
0.193337
0.535287
0.243798
0.223579
0.13776
0.781145
0.201203
0.781009
0.709988
0.418797
0.0902921
0.9056
0.855057
0.493828
0.287418
0.92447
0.198699
0.474094
0.181908
0.753356
0.210558
0.119181
0.244415
0.604646
0.380806
0.130789
0.683203
0.899188
0.776969
0.126546
0.115837
0.208845
0.545226
0.59449
0.378246
0.503542
0.25166
0.11715
0.815555
0.435743
0.888171
0.113044
0.428568
0.438502
0.354082
0.610631
0.749625
0.414713
0.917143
0.700731
0.924039
0.305186
0.106656
0.727169
0.667521
0.439919
0.288618
0.602773
0.179361
0.82701
0.199063
0.707929
0.799329
0.379537
0.148086
0.729095
0.797589
0.174795
0.454592
0.855223
0.876238
0.431976
0.528011
0.638867
0.170254
0.494262
0.0959587
0.842626
0.439974
0.137994
0.317377
0.382244
0.125913
0.144087
0.801073
0.777752
0.173282
0.105415
0.403577
0.435831
0.74816
0.223665
0.283511
0.52425
0.360322
0.355488
0.237683
0.917134
0.665253
0.591109
0.571485
0.271107
0.137327
0.852199
0.267542
0.449506
0.428408
0.831288
0.258464
0.169294
0.122166
0.143324
0.244428
0.79303
0.890353
0.567947
0.805754
0.937505
0.724259
0.0980937
0.748862
0.545139
0.735025
0.271143
0.444413
0.366881
0.10649
0.192425
0.361268
0.427621
0.215418
0.165318
0.746516
0.880711
0.933802
0.159372
0.552641
0.270735
0.14514
0.663184
0.434799
0.800819
0.187956
0.234252
0.633161
0.596746
0.111742
0.412623
0.785795
0.574431
0.56538
0.526376
0.532537
0.434717
0.2089
0.508397
0.150903
0.840589
0.304025
0.291289
0.893379
0.218045
0.778872
0.842906
0.204676
0.906836
0.335061
0.581582
0.139738
0.222408
0.70888
0.732589
0.274025
0.139616
0.295321
0.324728
0.435638
0.129942
0.700784
0.766638
0.208483
0.0889098
0.311322
0.727577
0.153137
0.928349
0.652021
0.769768
0.390531
0.818068
0.0984738
0.737574
0.507875
0.280586
0.207882
0.241122
0.889833
0.757042
0.597429
0.0825557
0.628415
0.646405
0.2041
0.700629
0.162408
0.188443
0.131501
0.728848
0.461795
0.157538
0.775911
0.465601
0.272958
0.770731
0.117593
0.478264
0.151321
0.431095
0.310328
0.189661
0.281481
0.776064
0.798763
0.32118
0.752906
0.156565
0.388113
0.183271
0.19242
0.671043
0.907756
0.917738
0.912533
0.700368
0.766508
0.244371
0.735556
0.7385
0.120454
0.769976
0.318928
0.36248
0.192139
0.777132
0.1235
0.809646
0.204936
0.716261
0.18937
0.767972
0.134556
0.741448
0.732158
0.833751
0.678907
0.240637
0.159452
0.885155
0.73118
0.655675
0.927576
0.155049
0.139921
0.241003
Density 
0.813559
0.915254
0.949153
0.881356
0.864407
0.932203
0.79661
0.983051
0.779661
0.966102
0.610169
0.898305
0.983051
0
0.711864
0.559322
0.474576
0.966102
0.966102
0.881356
0.915254
0.983051
0.966102
0.949153
0.338983
0.966102
0.966102
0.813559
0.728814
0.779661
0.677966
0.932203
0.932203
0.830508
0.966102
0.881356
0.915254
0.983051
0.915254
0.745763
0.762712
0.79661
0.745763
0.864407
0.779661
0.966102
0.898305
0.932203
0.779661
0.847458
0.966102
0.915254
0.847458
0.983051
0.983051
0.661017
0.983051
0.338983
0.966102
0.728814
0.152542
0.813559
0.966102
0.779661
0.762712
0.186441
0.169492
0.915254
0.983051
0.983051
0.983051
0.745763
0.983051
0.932203
0.949153
0.983051
0.983051
0.966102
0.983051
0.966102
0.966102
0.898305
0.966102
0.966102
0.881356
0.779661
0.983051
0.966102
0.983051
0.762712
0.813559
0.932203
0.0847458
0.983051
1
1
0.457627
0.457627
0.983051
0.983051
0.932203
0.813559
0.711864
0.983051
0.949153
0.983051
0.949153
0.983051
0.932203
0.288136
0.728814
0.949153
0.0169492
0.966102
0.983051
0.983051
0.694915
0.694915
0.983051
0.847458
0.830508
0.542373
0.932203
0.864407
0.966102
0.949153
0.983051
0.983051
0.983051
0.847458
0.966102
0.966102
0.0169492
0.966102
0.932203
0.322034
0.932203
0.881356
0.915254
0.915254
0.966102
0.864407
0.949153
0.915254
0.694915
0.813559
0.728814
0.220339
0.610169
0.949153
0.915254
0.847458
0.932203
0.966102
0.830508
0.847458
0.847458
0.932203
0.915254
0.932203
0.915254
0.830508
0.864407
0.847458
0.983051
0.983051
1
0.932203
0.830508
0.898305
0.949153
0.966102
0.949153
0.915254
0.983051
0.983051
0.915254
0.983051
0.254237
0.864407
0.983051
0.932203
0.847458
0.983051
0.847458
0.932203
0.949153
0.983051
0.694915
0.898305
0.864407
0.338983
0.762712
0.966102
0.864407
0.830508
0.949153
0.966102
0.762712
0.932203
0.983051
0.745763
0.881356
0.864407
0.779661
0.762712
0.79661
0.949153
0.711864
0.779661
0.779661
0.983051
0.915254
0.830508
0.966102
0.728814
0.779661
0.779661
0.898305
0.932203
0.677966
0.779661
0.983051
0.779661
0.779661
0.79661
0.711864
0.677966
0.779661
0.779661
0.864407
0.762712
0.762712
0.728814
0.779661
0.779661
0.864407
0.745763
0.762712
0.830508
0.779661
0.983051
0.779661
0.762712
0.932203
0.881356
0.779661
0.779661
0.983051
0.779661
0.898305
0.779661
0.677966
0.779661
0.915254
0.847458
0.847458
0.898305
0.762712
0.779661
0.762712
0.898305
0.966102
0.915254
0.864407
0.847458
0.881356
0.898305
0.898305
0.728814
0.949153
0.661017
0.898305
0.898305
0.932203
0.966102
0.966102
0.898305
0.762712
0.898305
0.864407
0.898305
0.711864
0.847458
0.847458
0.983051
0.711864
0.932203
0.694915
0.728814
0.79661
0.694915
0.830508
0.813559
0.898305
0.661017
0.745763
0.762712
0.728814
0.813559
0.813559
0.762712
0.915254
0.898305
0.898305
0.847458
0.915254
0.932203
0.79661
0.898305
0.644068
0.711864
0.915254
0.966102
0.983051
0.79661
0.881356
0.932203
0.881356
0.915254
0.79661
0.79661
0.915254
0.966102
0.983051
0.983051
0.949153
0.983051
0.101695
0.983051
0.915254
0.898305
0.254237
0.983051
0.915254
0.864407
0.864407
0.474576
0.847458
0.779661
0.610169
0.915254
0.847458
0.79661
0.864407
0.915254
0.813559
0.830508
0.79661
0.813559
0.915254
0.915254
0.830508
0.762712
0.79661
0.762712
0.949153
0.966102
0.813559
0.711864
0.915254
0.949153
0.898305
0.949153
0.932203
0.966102
0.915254
0.847458
0.983051
0.949153
0.983051
0.966102
0.813559
0.983051
0.711864
0.728814
0.745763
0.864407
0.779661
0.779661
0.847458
0.644068
0.864407
0.864407
0.694915
0.644068
0.813559
0.677966
0.864407
0.864407
0.830508
0.898305
0.728814
0.830508
0.864407
0.915254
0.949153
0.881356
0.847458
0.966102
0.847458
0.983051
0.779661
0.813559
0.79661
0.762712
0.677966
0.79661
0.881356
NormSegsGreenness 
0.757439
0.732248
0.229365
0.246543
0.233662
0.756012
0.242381
0.24226
0.254029
0.733166
0.738692
0.245397
0.238447
0.273309
0.270472
0.235444
0.245087
0.241405
0.238272
0.25232
0.250085
0.748277
0.245396
0.736058
0.728262
0.727822
0.741343
0.224816
0.743203
0.737887
0.252646
0.234236
0.269705
0.729822
0.754447
0.265934
0.730798
0.735242
0.233746
0.728309
0.741704
0.237579
0.242743
0.243453
0.269622
0.24173
0.73031
0.228816
0.241181
0.751971
0.268783
0.738807
0.752511
0.249844
0.736272
0.260894
0.273785
0.257736
0.731247
0.748102
0.274701
0.248041
0.734403
0.264828
0.75252
0.272813
0.749447
0.262142
0.255924
0.256839
0.245019
0.262183
0.736705
0.275857
0.728099
0.748057
0.744289
0.242344
0.73907
0.244029
0.240745
0.74532
0.734886
0.735476
0.745987
0.238154
0.239032
0.725689
0.24183
0.23798
0.24791
0.240792
0.236265
0.733327
0.741342
0.737293
0.737653
0.238172
0.245699
NormSegsGreenness 
0.757439
0.732248
0.229365
0.246543
0.233662
0.756012
0.242381
0.24226
0.254029
0.733166
0.738692
0.245397
0.238447
0.273309
0.270472
0.235444
0.245087
0.241405
0.238272
0.25232
0.250085
0.748277
0.245396
0.736058
0.728262
0.727822
0.741343
0.224816
0.743203
0.737887
0.252646
0.234236
0.269705
0.729822
0.754447
0.265934
0.730798
0.735242
0.233746
0.728309
0.741704
0.237579
0.242743
0.243453
0.269622
0.24173
0.73031
0.228816
0.241181
0.751971
0.268783
0.738807
0.752511
0.249844
0.736272
0.260894
0.273785
0.257736
0.731247
0.748102
0.274701
0.248041
0.734403
0.264828
0.75252
0.272813
0.749447
0.262142
0.255924
0.256839
0.245019
0.262183
0.736705
0.275857
0.728099
0.748057
0.744289
0.242344
0.73907
0.244029
0.240745
0.74532
0.734886
0.735476
0.745987
0.238154
0.239032
0.725689
0.24183
0.23798
0.24791
0.240792
0.236265
0.733327
0.741342
0.737293
0.737653
0.238172
0.245699
NormSegsGreenness 
0.757439
0.732248
0.229365
0.246543
0.233662
0.756012
0.242381
0.24226
0.254029
0.733166
0.738692
0.245397
0.238447
0.273309
0.270472
0.235444
0.245087
0.241405
0.238272
0.25232
0.250085
0.748277
0.245396
0.736058
0.728262
0.727822
0.741343
0.224816
0.743203
0.737887
0.252646
0.234236
0.269705
0.729822
0.754447
0.265934
0.730798
0.735242
0.233746
0.728309
0.741704
0.237579
0.242743
0.243453
0.269622
0.24173
0.73031
0.228816
0.241181
0.751971
0.268783
0.738807
0.752511
0.249844
0.736272
0.260894
0.273785
0.257736
0.731247
0.748102
0.274701
0.248041
0.734403
0.264828
0.75252
0.272813
0.749447
0.262142
0.255924
0.256839
0.245019
0.262183
0.736705
0.275857
0.728099
0.748057
0.744289
0.242344
0.73907
0.244029
0.240745
0.74532
0.734886
0.735476
0.745987
0.238154
0.239032
0.725689
0.24183
0.23798
0.24791
0.240792
0.236265
0.733327
0.741342
0.737293
0.737653
0.238172
0.245699
NormSegsGreenness 
0.757439
0.732248
0.229365
0.246543
0.233662
0.756012
0.242381
0.24226
0.254029
0.733166
0.738692
0.245397
0.238447
0.273309
0.270472
0.235444
0.245087
0.241405
0.238272
0.25232
0.250085
0.748277
0.245396
0.736058
0.728262
0.727822
0.741343
0.224816
0.743203
0.737887
0.252646
0.234236
0.269705
0.729822
0.754447
0.265934
0.730798
0.735242
0.233746
0.728309
0.741704
0.237579
0.242743
0.243453
0.269622
0.24173
0.73031
0.228816
0.241181
0.751971
0.268783
0.738807
0.752511
0.249844
0.736272
0.260894
0.273785
0.257736
0.731247
0.748102
0.274701
0.248041
0.734403
0.264828
0.75252
0.272813
0.749447
0.262142
0.255924
0.256839
0.245019
0.262183
0.736705
0.275857
0.728099
0.748057
0.744289
0.242344
0.73907
0.244029
0.240745
0.74532
0.734886
0.735476
0.745987
0.238154
0.239032
0.725689
0.24183
0.23798
0.24791
0.240792
0.236265
0.733327
0.741342
0.737293
0.737653
0.238172
0.245699
NormSegsGreenness 
0.757439
0.732248
0.229365
0.246543
0.233662
0.756012
0.242381
0.24226
0.254029
0.733166
0.738692
0.245397
0.238447
0.273309
0.270472
0.235444
0.245087
0.241405
0.238272
0.25232
0.250085
0.748277
0.245396
0.736058
0.728262
0.727822
0.741343
0.224816
0.743203
0.737887
0.252646
0.234236
0.269705
0.729822
0.754447
0.265934
0.730798
0.735242
0.233746
0.728309
0.741704
0.237579
0.242743
0.243453
0.269622
0.24173
0.73031
0.228816
0.241181
0.751971
0.268783
0.738807
0.752511
0.249844
0.736272
0.260894
0.273785
0.257736
0.731247
0.748102
0.274701
0.248041
0.734403
0.264828
0.75252
0.272813
0.749447
0.262142
0.255924
0.256839
0.245019
0.262183
0.736705
0.275857
0.728099
0.748057
0.744289
0.242344
0.73907
0.244029
0.240745
0.74532
0.734886
0.735476
0.745987
0.238154
0.239032
0.725689
0.24183
0.23798
0.24791
0.240792
0.236265
0.733327
0.741342
0.737293
0.737653
0.238172
0.245699
NormSegsGreenness 
0.757439
0.732248
0.229365
0.246543
0.233662
0.756012
0.242381
0.24226
0.254029
0.733166
0.738692
0.245397
0.238447
0.273309
0.270472
0.235444
0.245087
0.241405
0.238272
0.25232
0.250085
0.748277
0.245396
0.736058
0.728262
0.727822
0.741343
0.224816
0.743203
0.737887
0.252646
0.234236
0.269705
0.729822
0.754447
0.265934
0.730798
0.735242
0.233746
0.728309
0.741704
0.237579
0.242743
0.243453
0.269622
0.24173
0.73031
0.228816
0.241181
0.751971
0.268783
0.738807
0.752511
0.249844
0.736272
0.260894
0.273785
0.257736
0.731247
0.748102
0.274701
0.248041
0.734403
0.264828
0.75252
0.272813
0.749447
0.262142
0.255924
0.256839
0.245019
0.262183
0.736705
0.275857
0.728099
0.748057
0.744289
0.242344
0.73907
0.244029
0.240745
0.74532
0.734886
0.735476
0.745987
0.238154
0.239032
0.725689
0.24183
0.23798
0.24791
0.240792
0.236265
0.733327
0.741342
0.737293
0.737653
0.238172
0.245699
NormSegsGreenness 
0.757439
0.732248
0.229365
0.246543
0.233662
0.756012
0.242381
0.24226
0.254029
0.733166
0.738692
0.245397
0.238447
0.273309
0.270472
0.235444
0.245087
0.241405
0.238272
0.25232
0.250085
0.748277
0.245396
0.736058
0.728262
0.727822
0.741343
0.224816
0.743203
0.737887
0.252646
0.234236
0.269705
0.729822
0.754447
0.265934
0.730798
0.735242
0.233746
0.728309
0.741704
0.237579
0.242743
0.243453
0.269622
0.24173
0.73031
0.228816
0.241181
0.751971
0.268783
0.738807
0.752511
0.249844
0.736272
0.260894
0.273785
0.257736
0.731247
0.748102
0.274701
0.248041
0.734403
0.264828
0.75252
0.272813
0.749447
0.262142
0.255924
0.256839
0.245019
0.262183
0.736705
0.275857
0.728099
0.748057
0.744289
0.242344
0.73907
0.244029
0.240745
0.74532
0.734886
0.735476
0.745987
0.238154
0.239032
0.725689
0.24183
0.23798
0.24791
0.240792
0.236265
0.733327
0.741342
0.737293
0.737653
0.238172
0.245699
NormSegsGreenness 
0.757439
0.732248
0.229365
0.246543
0.233662
0.756012
0.242381
0.24226
0.254029
0.733166
0.738692
0.245397
0.238447
0.273309
0.270472
0.235444
0.245087
0.241405
0.238272
0.25232
0.250085
0.748277
0.245396
0.736058
0.728262
0.727822
0.741343
0.224816
0.743203
0.737887
0.252646
0.234236
0.269705
0.729822
0.754447
0.265934
0.730798
0.735242
0.233746
0.728309
0.741704
0.237579
0.242743
0.243453
0.269622
0.24173
0.73031
0.228816
0.241181
0.751971
0.268783
0.738807
0.752511
0.249844
0.736272
0.260894
0.273785
0.257736
0.731247
0.748102
0.274701
0.248041
0.734403
0.264828
0.75252
0.272813
0.749447
0.262142
0.255924
0.256839
0.245019
0.262183
0.736705
0.275857
0.728099
0.748057
0.744289
0.242344
0.73907
0.244029
0.240745
0.74532
0.734886
0.735476
0.745987
0.238154
0.239032
0.725689
0.24183
0.23798
0.24791
0.240792
0.236265
0.733327
0.741342
0.737293
0.737653
0.238172
0.245699
NormSegsGreenness 
0.757439
0.732248
0.229365
0.246543
0.233662
0.756012
0.242381
0.24226
0.254029
0.733166
0.738692
0.245397
0.238447
0.273309
0.270472
0.235444
0.245087
0.241405
0.238272
0.25232
0.250085
0.748277
0.245396
0.736058
0.728262
0.727822
0.741343
0.224816
0.743203
0.737887
0.252646
0.234236
0.269705
0.729822
0.754447
0.265934
0.730798
0.735242
0.233746
0.728309
0.741704
0.237579
0.242743
0.243453
0.269622
0.24173
0.73031
0.228816
0.241181
0.751971
0.268783
0.738807
0.752511
0.249844
0.736272
0.260894
0.273785
0.257736
0.731247
0.748102
0.274701
0.248041
0.734403
0.264828
0.75252
0.272813
0.749447
0.262142
0.255924
0.256839
0.245019
0.262183
0.736705
0.275857
0.728099
0.748057
0.744289
0.242344
0.73907
0.244029
0.240745
0.74532
0.734886
0.735476
0.745987
0.238154
0.239032
0.725689
0.24183
0.23798
0.24791
0.240792
0.236265
0.733327
0.741342
0.737293
0.737653
0.238172
0.245699
NormSegsGreenness 
0.757439
0.732248
0.229365
0.246543
0.233662
0.756012
0.242381
0.24226
0.254029
0.733166
0.738692
0.245397
0.238447
0.273309
0.270472
0.235444
0.245087
0.241405
0.238272
0.25232
0.250085
0.748277
0.245396
0.736058
0.728262
0.727822
0.741343
0.224816
0.743203
0.737887
0.252646
0.234236
0.269705
0.729822
0.754447
0.265934
0.730798
0.735242
0.233746
0.728309
0.741704
0.237579
0.242743
0.243453
0.269622
0.24173
0.73031
0.228816
0.241181
0.751971
0.268783
0.738807
0.752511
0.249844
0.736272
0.260894
0.273785
0.257736
0.731247
0.748102
0.274701
0.248041
0.734403
0.264828
0.75252
0.272813
0.749447
0.262142
0.255924
0.256839
0.245019
0.262183
0.736705
0.275857
0.728099
0.748057
0.744289
0.242344
0.73907
0.244029
0.240745
0.74532
0.734886
0.735476
0.745987
0.238154
0.239032
0.725689
0.24183
0.23798
0.24791
0.240792
0.236265
0.733327
0.741342
0.737293
0.737653
0.238172
0.245699
NormSegsGreenness 
0.757439
0.732248
0.229365
0.246543
0.233662
0.756012
0.242381
0.24226
0.254029
0.733166
0.738692
0.245397
0.238447
0.273309
0.270472
0.235444
0.245087
0.241405
0.238272
0.25232
0.250085
0.748277
0.245396
0.736058
0.728262
0.727822
0.741343
0.224816
0.743203
0.737887
0.252646
0.234236
0.269705
0.729822
0.754447
0.265934
0.730798
0.735242
0.233746
0.728309
0.741704
0.237579
0.242743
0.243453
0.269622
0.24173
0.73031
0.228816
0.241181
0.751971
0.268783
0.738807
0.752511
0.249844
0.736272
0.260894
0.273785
0.257736
0.731247
0.748102
0.274701
0.248041
0.734403
0.264828
0.75252
0.272813
0.749447
0.262142
0.255924
0.256839
0.245019
0.262183
0.736705
0.275857
0.728099
0.748057
0.744289
0.242344
0.73907
0.244029
0.240745
0.74532
0.734886
0.735476
0.745987
0.238154
0.239032
0.725689
0.24183
0.23798
0.24791
0.240792
0.236265
0.733327
0.741342
0.737293
0.737653
0.238172
0.245699
NormSegsGreenness 
0.757439
0.732248
0.229365
0.246543
0.233662
0.756012
0.242381
0.24226
0.254029
0.733166
0.738692
0.245397
0.238447
0.273309
0.270472
0.235444
0.245087
0.241405
0.238272
0.25232
0.250085
0.748277
0.245396
0.736058
0.728262
0.727822
0.741343
0.224816
0.743203
0.737887
0.252646
0.234236
0.269705
0.729822
0.754447
0.265934
0.730798
0.735242
0.233746
0.728309
0.741704
0.237579
0.242743
0.243453
0.269622
0.24173
0.73031
0.228816
0.241181
0.751971
0.268783
0.738807
0.752511
0.249844
0.736272
0.260894
0.273785
0.257736
0.731247
0.748102
0.274701
0.248041
0.734403
0.264828
0.75252
0.272813
0.749447
0.262142
0.255924
0.256839
0.245019
0.262183
0.736705
0.275857
0.728099
0.748057
0.744289
0.242344
0.73907
0.244029
0.240745
0.74532
0.734886
0.735476
0.745987
0.238154
0.239032
0.725689
0.24183
0.23798
0.24791
0.240792
0.236265
0.733327
0.741342
0.737293
0.737653
0.238172
0.245699
NormSegsGreenness 
0.757439
0.732248
0.229365
0.246543
0.233662
0.756012
0.242381
0.24226
0.254029
0.733166
0.738692
0.245397
0.238447
0.273309
0.270472
0.235444
0.245087
0.241405
0.238272
0.25232
0.250085
0.748277
0.245396
0.736058
0.728262
0.727822
0.741343
0.224816
0.743203
0.737887
0.252646
0.234236
0.269705
0.729822
0.754447
0.265934
0.730798
0.735242
0.233746
0.728309
0.741704
0.237579
0.242743
0.243453
0.269622
0.24173
0.73031
0.228816
0.241181
0.751971
0.268783
0.738807
0.752511
0.249844
0.736272
0.260894
0.273785
0.257736
0.731247
0.748102
0.274701
0.248041
0.734403
0.264828
0.75252
0.272813
0.749447
0.262142
0.255924
0.256839
0.245019
0.262183
0.736705
0.275857
0.728099
0.748057
0.744289
0.242344
0.73907
0.244029
0.240745
0.74532
0.734886
0.735476
0.745987
0.238154
0.239032
0.725689
0.24183
0.23798
0.24791
0.240792
0.236265
0.733327
0.741342
0.737293
0.737653
0.238172
0.245699
NormSegsGreenness 
0.757439
0.732248
0.229365
0.246543
0.233662
0.756012
0.242381
0.24226
0.254029
0.733166
0.738692
0.245397
0.238447
0.273309
0.270472
0.235444
0.245087
0.241405
0.238272
0.25232
0.250085
0.748277
0.245396
0.736058
0.728262
0.727822
0.741343
0.224816
0.743203
0.737887
0.252646
0.234236
0.269705
0.729822
0.754447
0.265934
0.730798
0.735242
0.233746
0.728309
0.741704
0.237579
0.242743
0.243453
0.269622
0.24173
0.73031
0.228816
0.241181
0.751971
0.268783
0.738807
0.752511
0.249844
0.736272
0.260894
0.273785
0.257736
0.731247
0.748102
0.274701
0.248041
0.734403
0.264828
0.75252
0.272813
0.749447
0.262142
0.255924
0.256839
0.245019
0.262183
0.736705
0.275857
0.728099
0.748057
0.744289
0.242344
0.73907
0.244029
0.240745
0.74532
0.734886
0.735476
0.745987
0.238154
0.239032
0.725689
0.24183
0.23798
0.24791
0.240792
0.236265
0.733327
0.741342
0.737293
0.737653
0.238172
0.245699
NormSegsGreenness 
0.757439
0.732248
0.229365
0.246543
0.233662
0.756012
0.242381
0.24226
0.254029
0.733166
0.738692
0.245397
0.238447
0.273309
0.270472
0.235444
0.245087
0.241405
0.238272
0.25232
0.250085
0.748277
0.245396
0.736058
0.728262
0.727822
0.741343
0.224816
0.743203
0.737887
0.252646
0.234236
0.269705
0.729822
0.754447
0.265934
0.730798
0.735242
0.233746
0.728309
0.741704
0.237579
0.242743
0.243453
0.269622
0.24173
0.73031
0.228816
0.241181
0.751971
0.268783
0.738807
0.752511
0.249844
0.736272
0.260894
0.273785
0.257736
0.731247
0.748102
0.274701
0.248041
0.734403
0.264828
0.75252
0.272813
0.749447
0.262142
0.255924
0.256839
0.245019
0.262183
0.736705
0.275857
0.728099
0.748057
0.744289
0.242344
0.73907
0.244029
0.240745
0.74532
0.734886
0.735476
0.745987
0.238154
0.239032
0.725689
0.24183
0.23798
0.24791
0.240792
0.236265
0.733327
0.741342
0.737293
0.737653
0.238172
0.245699
NormSegsGreenness 
0.757439
0.732248
0.229365
0.246543
0.233662
0.756012
0.242381
0.24226
0.254029
0.733166
0.738692
0.245397
0.238447
0.273309
0.270472
0.235444
0.245087
0.241405
0.238272
0.25232
0.250085
0.748277
0.245396
0.736058
0.728262
0.727822
0.741343
0.224816
0.743203
0.737887
0.252646
0.234236
0.269705
0.729822
0.754447
0.265934
0.730798
0.735242
0.233746
0.728309
0.741704
0.237579
0.242743
0.243453
0.269622
0.24173
0.73031
0.228816
0.241181
0.751971
0.268783
0.738807
0.752511
0.249844
0.736272
0.260894
0.273785
0.257736
0.731247
0.748102
0.274701
0.248041
0.734403
0.264828
0.75252
0.272813
0.749447
0.262142
0.255924
0.256839
0.245019
0.262183
0.736705
0.275857
0.728099
0.748057
0.744289
0.242344
0.73907
0.244029
0.240745
0.74532
0.734886
0.735476
0.745987
0.238154
0.239032
0.725689
0.24183
0.23798
0.24791
0.240792
0.236265
0.733327
0.741342
0.737293
0.737653
0.238172
0.245699
Planarity 
0.878353
0.915889
0.820421
0.812911
0.634171
0.854012
0.787084
0.644366
0.806179
0.702157
0.890285
0.810238
0.848876
0.934198
0.62014
0.790782
0.581028
0.43565
0.699258
0.7042
0.726845
0.879671
0.626993
0.847166
0.791102
0.712929
0.826447
0.733086
0.843444
0.844996
0.718412
0.746561
0.790376
0.637946
0.848895
0.700231
0.682254
0.515075
0.414221
0.696581
0.893894
0.711289
0.613601
0.760897
0.672485
0.840481
0.900456
0.857827
0.818516
0.909206
0.54645
0.650082
0.77506
0.856084
0.67088
0.709615
0.576541
0.682934
0.709493
0.693583
0.665124
0.426834
0.693279
0.307096
0.847798
0.809507
0.908817
0.829916
0.550132
0.640951
0.809182
0.834996
0.784241
0.896608
0.903061
0.870073
0.74087
0.787354
0.757674
0.824937
0.870073
0.838574
0.757735
0.819894
0.843638
0.801257
0.781942
0.744551
0.810757
0.776439
0.770878
0.792417
0.621515
0.791086
0.883796
0.8631
0.798865
0.601916
0.81635
Elevation 
0.859863
0.836216
0.501629
0.447128
0.236726
0.904025
0.367935
0.341413
0.498595
0.557395
0.580422
0.388278
0.389253
0.704354
0.518183
0.368527
0.487131
0.406335
0.281078
0.396349
0.347923
0.912904
0.477269
0.903572
0.435218
0.575516
0.930554
0.464395
0.853563
0.875609
0.340764
0.316893
0.480866
0.474547
0.757043
0.471444
0.948261
0.54066
0.418657
0.639423
0.834985
0.318816
0.196793
0.37497
0.520085
0.442507
0.735416
0.464079
0.397143
0.80032
0.451535
0.464539
0.948154
0.400682
0.515825
0.378585
0.537518
0.456405
0.462645
0.954268
0.337431
0.359978
0.356747
0.350679
0.800332
0.261779
0.807178
0.394884
0.479146
0.27408
0.322528
0.432563
0.580233
0.846993
0.652754
0.776479
0.576696
0.489043
0.613963
0.226525
0.388212
0.935419
0.392834
0.941989
0.754531
0.411548
0.232233
0.342124
0.410426
0.506231
0.286885
0.435472
0.161363
0.356339
0.622542
0.752746
0.799001
0.182549
0.174378
Horizontality 
0.315054
0.169455
0.839311
0.646693
0.567335
0.71122
0.417171
0.445593
0.516392
0.216567
0.480033
0.202597
0.198018
0.267994
0.181504
0.338019
0.475433
0.200509
0.232415
0.443732
0.436235
0.845674
0.618711
0.779412
0.235259
0.295413
0.299706
0.378616
0.208523
0.271741
0.167111
0.278817
0.783469
0.267306
0.543379
0.358918
0.401157
0.237215
0.60663
0.197931
0.294207
0.846611
0.672005
0.303665
0.233042
0.404595
0.402996
0.506532
0.703524
0.766412
0.372096
0.285418
0.809506
0.435678
0.174198
0.671442
0.238923
0.284346
0.30231
0.76055
0.971898
0.632679
0.92827
0.933965
0.786413
0.888954
0.387356
0.3348
0.335896
0.27836
0.377947
0.603557
0.283185
0.39641
0.211685
0.349425
0.2744
0.771986
0.189419
0.311724
0.411564
0.450946
0.743036
0.476844
0.251389
0.35302
0.588374
0.966616
0.358226
0.84327
0.204421
0.367348
0.893868
0.43292
0.268671
0.318947
0.590097
0.793461
0.936987
NormSegsGreenness 
0.757439
0.732248
0.229365
0.246543
0.233662
0.756012
0.242381
0.24226
0.254029
0.733166
0.738692
0.245397
0.238447
0.273309
0.270472
0.235444
0.245087
0.241405
0.238272
0.25232
0.250085
0.748277
0.245396
0.736058
0.728262
0.727822
0.741343
0.224816
0.743203
0.737887
0.252646
0.234236
0.269705
0.729822
0.754447
0.265934
0.730798
0.735242
0.233746
0.728309
0.741704
0.237579
0.242743
0.243453
0.269622
0.24173
0.73031
0.228816
0.241181
0.751971
0.268783
0.738807
0.752511
0.249844
0.736272
0.260894
0.273785
0.257736
0.731247
0.748102
0.274701
0.248041
0.734403
0.264828
0.75252
0.272813
0.749447
0.262142
0.255924
0.256839
0.245019
0.262183
0.736705
0.275857
0.728099
0.748057
0.744289
0.242344
0.73907
0.244029
0.240745
0.74532
0.734886
0.735476
0.745987
0.238154
0.239032
0.725689
0.24183
0.23798
0.24791
0.240792
0.236265
0.733327
0.741342
0.737293
0.737653
0.238172
0.245699
NormSegsGreenness 
0.757439
0.732248
0.229365
0.246543
0.233662
0.756012
0.242381
0.24226
0.254029
0.733166
0.738692
0.245397
0.238447
0.273309
0.270472
0.235444
0.245087
0.241405
0.238272
0.25232
0.250085
0.748277
0.245396
0.736058
0.728262
0.727822
0.741343
0.224816
0.743203
0.737887
0.252646
0.234236
0.269705
0.729822
0.754447
0.265934
0.730798
0.735242
0.233746
0.728309
0.741704
0.237579
0.242743
0.243453
0.269622
0.24173
0.73031
0.228816
0.241181
0.751971
0.268783
0.738807
0.752511
0.249844
0.736272
0.260894
0.273785
0.257736
0.731247
0.748102
0.274701
0.248041
0.734403
0.264828
0.75252
0.272813
0.749447
0.262142
0.255924
0.256839
0.245019
0.262183
0.736705
0.275857
0.728099
0.748057
0.744289
0.242344
0.73907
0.244029
0.240745
0.74532
0.734886
0.735476
0.745987
0.238154
0.239032
0.725689
0.24183
0.23798
0.24791
0.240792
0.236265
0.733327
0.741342
0.737293
0.737653
0.238172
0.245699
NormSegsGreenness 
0.757439
0.732248
0.229365
0.246543
0.233662
0.756012
0.242381
0.24226
0.254029
0.733166
0.738692
0.245397
0.238447
0.273309
0.270472
0.235444
0.245087
0.241405
0.238272
0.25232
0.250085
0.748277
0.245396
0.736058
0.728262
0.727822
0.741343
0.224816
0.743203
0.737887
0.252646
0.234236
0.269705
0.729822
0.754447
0.265934
0.730798
0.735242
0.233746
0.728309
0.741704
0.237579
0.242743
0.243453
0.269622
0.24173
0.73031
0.228816
0.241181
0.751971
0.268783
0.738807
0.752511
0.249844
0.736272
0.260894
0.273785
0.257736
0.731247
0.748102
0.274701
0.248041
0.734403
0.264828
0.75252
0.272813
0.749447
0.262142
0.255924
0.256839
0.245019
0.262183
0.736705
0.275857
0.728099
0.748057
0.744289
0.242344
0.73907
0.244029
0.240745
0.74532
0.734886
0.735476
0.745987
0.238154
0.239032
0.725689
0.24183
0.23798
0.24791
0.240792
0.236265
0.733327
0.741342
0.737293
0.737653
0.238172
0.245699
NormSegsGreenness 
0.757439
0.732248
0.229365
0.246543
0.233662
0.756012
0.242381
0.24226
0.254029
0.733166
0.738692
0.245397
0.238447
0.273309
0.270472
0.235444
0.245087
0.241405
0.238272
0.25232
0.250085
0.748277
0.245396
0.736058
0.728262
0.727822
0.741343
0.224816
0.743203
0.737887
0.252646
0.234236
0.269705
0.729822
0.754447
0.265934
0.730798
0.735242
0.233746
0.728309
0.741704
0.237579
0.242743
0.243453
0.269622
0.24173
0.73031
0.228816
0.241181
0.751971
0.268783
0.738807
0.752511
0.249844
0.736272
0.260894
0.273785
0.257736
0.731247
0.748102
0.274701
0.248041
0.734403
0.264828
0.75252
0.272813
0.749447
0.262142
0.255924
0.256839
0.245019
0.262183
0.736705
0.275857
0.728099
0.748057
0.744289
0.242344
0.73907
0.244029
0.240745
0.74532
0.734886
0.735476
0.745987
0.238154
0.239032
0.725689
0.24183
0.23798
0.24791
0.240792
0.236265
0.733327
0.741342
0.737293
0.737653
0.238172
0.245699
NormSegsGreenness 
0.757439
0.732248
0.229365
0.246543
0.233662
0.756012
0.242381
0.24226
0.254029
0.733166
0.738692
0.245397
0.238447
0.273309
0.270472
0.235444
0.245087
0.241405
0.238272
0.25232
0.250085
0.748277
0.245396
0.736058
0.728262
0.727822
0.741343
0.224816
0.743203
0.737887
0.252646
0.234236
0.269705
0.729822
0.754447
0.265934
0.730798
0.735242
0.233746
0.728309
0.741704
0.237579
0.242743
0.243453
0.269622
0.24173
0.73031
0.228816
0.241181
0.751971
0.268783
0.738807
0.752511
0.249844
0.736272
0.260894
0.273785
0.257736
0.731247
0.748102
0.274701
0.248041
0.734403
0.264828
0.75252
0.272813
0.749447
0.262142
0.255924
0.256839
0.245019
0.262183
0.736705
0.275857
0.728099
0.748057
0.744289
0.242344
0.73907
0.244029
0.240745
0.74532
0.734886
0.735476
0.745987
0.238154
0.239032
0.725689
0.24183
0.23798
0.24791
0.240792
0.236265
0.733327
0.741342
0.737293
0.737653
0.238172
0.245699
NormSegsGreenness 
0.757439
0.732248
0.229365
0.246543
0.233662
0.756012
0.242381
0.24226
0.254029
0.733166
0.738692
0.245397
0.238447
0.273309
0.270472
0.235444
0.245087
0.241405
0.238272
0.25232
0.250085
0.748277
0.245396
0.736058
0.728262
0.727822
0.741343
0.224816
0.743203
0.737887
0.252646
0.234236
0.269705
0.729822
0.754447
0.265934
0.730798
0.735242
0.233746
0.728309
0.741704
0.237579
0.242743
0.243453
0.269622
0.24173
0.73031
0.228816
0.241181
0.751971
0.268783
0.738807
0.752511
0.249844
0.736272
0.260894
0.273785
0.257736
0.731247
0.748102
0.274701
0.248041
0.734403
0.264828
0.75252
0.272813
0.749447
0.262142
0.255924
0.256839
0.245019
0.262183
0.736705
0.275857
0.728099
0.748057
0.744289
0.242344
0.73907
0.244029
0.240745
0.74532
0.734886
0.735476
0.745987
0.238154
0.239032
0.725689
0.24183
0.23798
0.24791
0.240792
0.236265
0.733327
0.741342
0.737293
0.737653
0.238172
0.245699
NormSegsGreenness 
0.757439
0.732248
0.229365
0.246543
0.233662
0.756012
0.242381
0.24226
0.254029
0.733166
0.738692
0.245397
0.238447
0.273309
0.270472
0.235444
0.245087
0.241405
0.238272
0.25232
0.250085
0.748277
0.245396
0.736058
0.728262
0.727822
0.741343
0.224816
0.743203
0.737887
0.252646
0.234236
0.269705
0.729822
0.754447
0.265934
0.730798
0.735242
0.233746
0.728309
0.741704
0.237579
0.242743
0.243453
0.269622
0.24173
0.73031
0.228816
0.241181
0.751971
0.268783
0.738807
0.752511
0.249844
0.736272
0.260894
0.273785
0.257736
0.731247
0.748102
0.274701
0.248041
0.734403
0.264828
0.75252
0.272813
0.749447
0.262142
0.255924
0.256839
0.245019
0.262183
0.736705
0.275857
0.728099
0.748057
0.744289
0.242344
0.73907
0.244029
0.240745
0.74532
0.734886
0.735476
0.745987
0.238154
0.239032
0.725689
0.24183
0.23798
0.24791
0.240792
0.236265
0.733327
0.741342
0.737293
0.737653
0.238172
0.245699
Planarity 
0.91809
0.928438
0.701592
0.770799
0.399142
0.889447
0.599659
0.449916
0.76677
0.376019
0.880887
0.728342
0.689729
0.960492
0.339177
0.738667
0.625793
0.286893
0.512739
0.640373
0.515562
0.891324
0.45985
0.83455
0.50575
0.296825
0.773561
0.536173
0.910446
0.923002
0.741978
0.628093
0.686135
0.482769
0.908992
0.50841
0.775752
0.476519
0.546974
0.791023
0.892704
0.602474
0.333343
0.668858
0.415526
0.644667
0.92027
0.502779
0.746668
0.957716
0.725787
0.516899
0.85734
0.77411
0.471346
0.672152
0.359264
0.35219
0.417032
0.788585
0.521644
0.340043
0.56213
0.223102
0.903306
0.810224
0.94186
0.810267
0.542909
0.643515
0.77311
0.675184
0.793534
0.898225
0.917526
0.915351
0.727544
0.620188
0.819126
0.625028
0.586453
0.781725
0.599775
0.857261
0.911973
0.700273
0.769306
0.722512
0.669043
0.541804
0.822091
0.725248
0.60932
0.723863
0.899726
0.915893
0.891742
0.528992
0.810846
Elevation 
0.859863
0.836216
0.501629
0.447128
0.236726
0.904025
0.367935
0.341413
0.498595
0.557395
0.580422
0.388278
0.389253
0.704354
0.518183
0.368527
0.487131
0.406335
0.281078
0.396349
0.347923
0.912904
0.477269
0.903572
0.435218
0.575516
0.930554
0.464395
0.853563
0.875609
0.340764
0.316893
0.480866
0.474547
0.757043
0.471444
0.948261
0.54066
0.418657
0.639423
0.834985
0.318816
0.196793
0.37497
0.520085
0.442507
0.735416
0.464079
0.397143
0.80032
0.451535
0.464539
0.948154
0.400682
0.515825
0.378585
0.537518
0.456405
0.462645
0.954268
0.337431
0.359978
0.356747
0.350679
0.800332
0.261779
0.807178
0.394884
0.479146
0.27408
0.322528
0.432563
0.580233
0.846993
0.652754
0.776479
0.576696
0.489043
0.613963
0.226525
0.388212
0.935419
0.392834
0.941989
0.754531
0.411548
0.232233
0.342124
0.410426
0.506231
0.286885
0.435472
0.161363
0.356339
0.622542
0.752746
0.799001
0.182549
0.174378
Horizontality 
0.315054
0.169455
0.839311
0.646693
0.567335
0.71122
0.417171
0.445593
0.516392
0.216567
0.480033
0.202597
0.198018
0.267994
0.181504
0.338019
0.475433
0.200509
0.232415
0.443732
0.436235
0.845674
0.618711
0.779412
0.235259
0.295413
0.299706
0.378616
0.208523
0.271741
0.167111
0.278817
0.783469
0.267306
0.543379
0.358918
0.401157
0.237215
0.60663
0.197931
0.294207
0.846611
0.672005
0.303665
0.233042
0.404595
0.402996
0.506532
0.703524
0.766412
0.372096
0.285418
0.809506
0.435678
0.174198
0.671442
0.238923
0.284346
0.30231
0.76055
0.971898
0.632679
0.92827
0.933965
0.786413
0.888954
0.387356
0.3348
0.335896
0.27836
0.377947
0.603557
0.283185
0.39641
0.211685
0.349425
0.2744
0.771986
0.189419
0.311724
0.411564
0.450946
0.743036
0.476844
0.251389
0.35302
0.588374
0.966616
0.358226
0.84327
0.204421
0.367348
0.893868
0.43292
0.268671
0.318947
0.590097
0.793461
0.936987
NormSegsGreenness 
0.757439
0.732248
0.229365
0.246543
0.233662
0.756012
0.242381
0.24226
0.254029
0.733166
0.738692
0.245397
0.238447
0.273309
0.270472
0.235444
0.245087
0.241405
0.238272
0.25232
0.250085
0.748277
0.245396
0.736058
0.728262
0.727822
0.741343
0.224816
0.743203
0.737887
0.252646
0.234236
0.269705
0.729822
0.754447
0.265934
0.730798
0.735242
0.233746
0.728309
0.741704
0.237579
0.242743
0.243453
0.269622
0.24173
0.73031
0.228816
0.241181
0.751971
0.268783
0.738807
0.752511
0.249844
0.736272
0.260894
0.273785
0.257736
0.731247
0.748102
0.274701
0.248041
0.734403
0.264828
0.75252
0.272813
0.749447
0.262142
0.255924
0.256839
0.245019
0.262183
0.736705
0.275857
0.728099
0.748057
0.744289
0.242344
0.73907
0.244029
0.240745
0.74532
0.734886
0.735476
0.745987
0.238154
0.239032
0.725689
0.24183
0.23798
0.24791
0.240792
0.236265
0.733327
0.741342
0.737293
0.737653
0.238172
0.245699
Planarity 
0.91809
0.928438
0.701592
0.770799
0.399142
0.889447
0.599659
0.449916
0.76677
0.376019
0.880887
0.728342
0.689729
0.960492
0.339177
0.738667
0.625793
0.286893
0.512739
0.640373
0.515562
0.891324
0.45985
0.83455
0.50575
0.296825
0.773561
0.536173
0.910446
0.923002
0.741978
0.628093
0.686135
0.482769
0.908992
0.50841
0.775752
0.476519
0.546974
0.791023
0.892704
0.602474
0.333343
0.668858
0.415526
0.644667
0.92027
0.502779
0.746668
0.957716
0.725787
0.516899
0.85734
0.77411
0.471346
0.672152
0.359264
0.35219
0.417032
0.788585
0.521644
0.340043
0.56213
0.223102
0.903306
0.810224
0.94186
0.810267
0.542909
0.643515
0.77311
0.675184
0.793534
0.898225
0.917526
0.915351
0.727544
0.620188
0.819126
0.625028
0.586453
0.781725
0.599775
0.857261
0.911973
0.700273
0.769306
0.722512
0.669043
0.541804
0.822091
0.725248
0.60932
0.723863
0.899726
0.915893
0.891742
0.528992
0.810846
Elevation 
0.859863
0.836216
0.501629
0.447128
0.236726
0.904025
0.367935
0.341413
0.498595
0.557395
0.580422
0.388278
0.389253
0.704354
0.518183
0.368527
0.487131
0.406335
0.281078
0.396349
0.347923
0.912904
0.477269
0.903572
0.435218
0.575516
0.930554
0.464395
0.853563
0.875609
0.340764
0.316893
0.480866
0.474547
0.757043
0.471444
0.948261
0.54066
0.418657
0.639423
0.834985
0.318816
0.196793
0.37497
0.520085
0.442507
0.735416
0.464079
0.397143
0.80032
0.451535
0.464539
0.948154
0.400682
0.515825
0.378585
0.537518
0.456405
0.462645
0.954268
0.337431
0.359978
0.356747
0.350679
0.800332
0.261779
0.807178
0.394884
0.479146
0.27408
0.322528
0.432563
0.580233
0.846993
0.652754
0.776479
0.576696
0.489043
0.613963
0.226525
0.388212
0.935419
0.392834
0.941989
0.754531
0.411548
0.232233
0.342124
0.410426
0.506231
0.286885
0.435472
0.161363
0.356339
0.622542
0.752746
0.799001
0.182549
0.174378
Horizontality 
0.315054
0.169455
0.839311
0.646693
0.567335
0.71122
0.417171
0.445593
0.516392
0.216567
0.480033
0.202597
0.198018
0.267994
0.181504
0.338019
0.475433
0.200509
0.232415
0.443732
0.436235
0.845674
0.618711
0.779412
0.235259
0.295413
0.299706
0.378616
0.208523
0.271741
0.167111
0.278817
0.783469
0.267306
0.543379
0.358918
0.401157
0.237215
0.60663
0.197931
0.294207
0.846611
0.672005
0.303665
0.233042
0.404595
0.402996
0.506532
0.703524
0.766412
0.372096
0.285418
0.809506
0.435678
0.174198
0.671442
0.238923
0.284346
0.30231
0.76055
0.971898
0.632679
0.92827
0.933965
0.786413
0.888954
0.387356
0.3348
0.335896
0.27836
0.377947
0.603557
0.283185
0.39641
0.211685
0.349425
0.2744
0.771986
0.189419
0.311724
0.411564
0.450946
0.743036
0.476844
0.251389
0.35302
0.588374
0.966616
0.358226
0.84327
0.204421
0.367348
0.893868
0.43292
0.268671
0.318947
0.590097
0.793461
0.936987
NormSegsGreenness 
0.757439
0.732248
0.229365
0.246543
0.233662
0.756012
0.242381
0.24226
0.254029
0.733166
0.738692
0.245397
0.238447
0.273309
0.270472
0.235444
0.245087
0.241405
0.238272
0.25232
0.250085
0.748277
0.245396
0.736058
0.728262
0.727822
0.741343
0.224816
0.743203
0.737887
0.252646
0.234236
0.269705
0.729822
0.754447
0.265934
0.730798
0.735242
0.233746
0.728309
0.741704
0.237579
0.242743
0.243453
0.269622
0.24173
0.73031
0.228816
0.241181
0.751971
0.268783
0.738807
0.752511
0.249844
0.736272
0.260894
0.273785
0.257736
0.731247
0.748102
0.274701
0.248041
0.734403
0.264828
0.75252
0.272813
0.749447
0.262142
0.255924
0.256839
0.245019
0.262183
0.736705
0.275857
0.728099
0.748057
0.744289
0.242344
0.73907
0.244029
0.240745
0.74532
0.734886
0.735476
0.745987
0.238154
0.239032
0.725689
0.24183
0.23798
0.24791
0.240792
0.236265
0.733327
0.741342
0.737293
0.737653
0.238172
0.245699
Planarity 
0.91809
0.928438
0.701592
0.770799
0.399142
0.889447
0.599659
0.449916
0.76677
0.376019
0.880887
0.728342
0.689729
0.960492
0.339177
0.738667
0.625793
0.286893
0.512739
0.640373
0.515562
0.891324
0.45985
0.83455
0.50575
0.296825
0.773561
0.536173
0.910446
0.923002
0.741978
0.628093
0.686135
0.482769
0.908992
0.50841
0.775752
0.476519
0.546974
0.791023
0.892704
0.602474
0.333343
0.668858
0.415526
0.644667
0.92027
0.502779
0.746668
0.957716
0.725787
0.516899
0.85734
0.77411
0.471346
0.672152
0.359264
0.35219
0.417032
0.788585
0.521644
0.340043
0.56213
0.223102
0.903306
0.810224
0.94186
0.810267
0.542909
0.643515
0.77311
0.675184
0.793534
0.898225
0.917526
0.915351
0.727544
0.620188
0.819126
0.625028
0.586453
0.781725
0.599775
0.857261
0.911973
0.700273
0.769306
0.722512
0.669043
0.541804
0.822091
0.725248
0.60932
0.723863
0.899726
0.915893
0.891742
0.528992
0.810846
Elevation 
0.859863
0.836216
0.501629
0.447128
0.236726
0.904025
0.367935
0.341413
0.498595
0.557395
0.580422
0.388278
0.389253
0.704354
0.518183
0.368527
0.487131
0.406335
0.281078
0.396349
0.347923
0.912904
0.477269
0.903572
0.435218
0.575516
0.930554
0.464395
0.853563
0.875609
0.340764
0.316893
0.480866
0.474547
0.757043
0.471444
0.948261
0.54066
0.418657
0.639423
0.834985
0.318816
0.196793
0.37497
0.520085
0.442507
0.735416
0.464079
0.397143
0.80032
0.451535
0.464539
0.948154
0.400682
0.515825
0.378585
0.537518
0.456405
0.462645
0.954268
0.337431
0.359978
0.356747
0.350679
0.800332
0.261779
0.807178
0.394884
0.479146
0.27408
0.322528
0.432563
0.580233
0.846993
0.652754
0.776479
0.576696
0.489043
0.613963
0.226525
0.388212
0.935419
0.392834
0.941989
0.754531
0.411548
0.232233
0.342124
0.410426
0.506231
0.286885
0.435472
0.161363
0.356339
0.622542
0.752746
0.799001
0.182549
0.174378
Horizontality 
0.315054
0.169455
0.839311
0.646693
0.567335
0.71122
0.417171
0.445593
0.516392
0.216567
0.480033
0.202597
0.198018
0.267994
0.181504
0.338019
0.475433
0.200509
0.232415
0.443732
0.436235
0.845674
0.618711
0.779412
0.235259
0.295413
0.299706
0.378616
0.208523
0.271741
0.167111
0.278817
0.783469
0.267306
0.543379
0.358918
0.401157
0.237215
0.60663
0.197931
0.294207
0.846611
0.672005
0.303665
0.233042
0.404595
0.402996
0.506532
0.703524
0.766412
0.372096
0.285418
0.809506
0.435678
0.174198
0.671442
0.238923
0.284346
0.30231
0.76055
0.971898
0.632679
0.92827
0.933965
0.786413
0.888954
0.387356
0.3348
0.335896
0.27836
0.377947
0.603557
0.283185
0.39641
0.211685
0.349425
0.2744
0.771986
0.189419
0.311724
0.411564
0.450946
0.743036
0.476844
0.251389
0.35302
0.588374
0.966616
0.358226
0.84327
0.204421
0.367348
0.893868
0.43292
0.268671
0.318947
0.590097
0.793461
0.936987
NormSegsGreenness 
0.757439
0.732248
0.229365
0.246543
0.233662
0.756012
0.242381
0.24226
0.254029
0.733166
0.738692
0.245397
0.238447
0.273309
0.270472
0.235444
0.245087
0.241405
0.238272
0.25232
0.250085
0.748277
0.245396
0.736058
0.728262
0.727822
0.741343
0.224816
0.743203
0.737887
0.252646
0.234236
0.269705
0.729822
0.754447
0.265934
0.730798
0.735242
0.233746
0.728309
0.741704
0.237579
0.242743
0.243453
0.269622
0.24173
0.73031
0.228816
0.241181
0.751971
0.268783
0.738807
0.752511
0.249844
0.736272
0.260894
0.273785
0.257736
0.731247
0.748102
0.274701
0.248041
0.734403
0.264828
0.75252
0.272813
0.749447
0.262142
0.255924
0.256839
0.245019
0.262183
0.736705
0.275857
0.728099
0.748057
0.744289
0.242344
0.73907
0.244029
0.240745
0.74532
0.734886
0.735476
0.745987
0.238154
0.239032
0.725689
0.24183
0.23798
0.24791
0.240792
0.236265
0.733327
0.741342
0.737293
0.737653
0.238172
0.245699
Planarity 
0.91809
0.928438
0.701592
0.770799
0.399142
0.889447
0.599659
0.449916
0.76677
0.376019
0.880887
0.728342
0.689729
0.960492
0.339177
0.738667
0.625793
0.286893
0.512739
0.640373
0.515562
0.891324
0.45985
0.83455
0.50575
0.296825
0.773561
0.536173
0.910446
0.923002
0.741978
0.628093
0.686135
0.482769
0.908992
0.50841
0.775752
0.476519
0.546974
0.791023
0.892704
0.602474
0.333343
0.668858
0.415526
0.644667
0.92027
0.502779
0.746668
0.957716
0.725787
0.516899
0.85734
0.77411
0.471346
0.672152
0.359264
0.35219
0.417032
0.788585
0.521644
0.340043
0.56213
0.223102
0.903306
0.810224
0.94186
0.810267
0.542909
0.643515
0.77311
0.675184
0.793534
0.898225
0.917526
0.915351
0.727544
0.620188
0.819126
0.625028
0.586453
0.781725
0.599775
0.857261
0.911973
0.700273
0.769306
0.722512
0.669043
0.541804
0.822091
0.725248
0.60932
0.723863
0.899726
0.915893
0.891742
0.528992
0.810846
Elevation 
0.859863
0.836216
0.501629
0.447128
0.236726
0.904025
0.367935
0.341413
0.498595
0.557395
0.580422
0.388278
0.389253
0.704354
0.518183
0.368527
0.487131
0.406335
0.281078
0.396349
0.347923
0.912904
0.477269
0.903572
0.435218
0.575516
0.930554
0.464395
0.853563
0.875609
0.340764
0.316893
0.480866
0.474547
0.757043
0.471444
0.948261
0.54066
0.418657
0.639423
0.834985
0.318816
0.196793
0.37497
0.520085
0.442507
0.735416
0.464079
0.397143
0.80032
0.451535
0.464539
0.948154
0.400682
0.515825
0.378585
0.537518
0.456405
0.462645
0.954268
0.337431
0.359978
0.356747
0.350679
0.800332
0.261779
0.807178
0.394884
0.479146
0.27408
0.322528
0.432563
0.580233
0.846993
0.652754
0.776479
0.576696
0.489043
0.613963
0.226525
0.388212
0.935419
0.392834
0.941989
0.754531
0.411548
0.232233
0.342124
0.410426
0.506231
0.286885
0.435472
0.161363
0.356339
0.622542
0.752746
0.799001
0.182549
0.174378
Horizontality 
0.315054
0.169455
0.839311
0.646693
0.567335
0.71122
0.417171
0.445593
0.516392
0.216567
0.480033
0.202597
0.198018
0.267994
0.181504
0.338019
0.475433
0.200509
0.232415
0.443732
0.436235
0.845674
0.618711
0.779412
0.235259
0.295413
0.299706
0.378616
0.208523
0.271741
0.167111
0.278817
0.783469
0.267306
0.543379
0.358918
0.401157
0.237215
0.60663
0.197931
0.294207
0.846611
0.672005
0.303665
0.233042
0.404595
0.402996
0.506532
0.703524
0.766412
0.372096
0.285418
0.809506
0.435678
0.174198
0.671442
0.238923
0.284346
0.30231
0.76055
0.971898
0.632679
0.92827
0.933965
0.786413
0.888954
0.387356
0.3348
0.335896
0.27836
0.377947
0.603557
0.283185
0.39641
0.211685
0.349425
0.2744
0.771986
0.189419
0.311724
0.411564
0.450946
0.743036
0.476844
0.251389
0.35302
0.588374
0.966616
0.358226
0.84327
0.204421
0.367348
0.893868
0.43292
0.268671
0.318947
0.590097
0.793461
0.936987
